trial0000001, GVWY, 228, 6, 38.00, 1.00, 0.00055986, 0.00030252, ZIP, 1007, 34, 29.62, 0.00, 0.00115101, 0.00077703
trial0000002, GVWY, 130.5, 6, 21.75, 0.00, 0.00000565, 0.00004643, ZIP, 1073.5, 34, 31.57, 0.00, 0.00000653, 0.00005718
trial0000003, GVWY, 286.5, 6, 47.75, 0.00, 0.00000581, 0.00000172, ZIP, 1108.5, 34, 32.60, 0.00, 0.00000564, 0.00000300
trial0000004, GVWY, 115, 6, 19.17, 0.00, 0.00000231, 0.00000037, ZIP, 1138, 34, 33.47, 0.00, 0.00000222, 0.00000219
trial0000005, GVWY, 263.5, 6, 43.92, 1.00, 0.00000200, 0.00000026, ZIP, 1045.5, 34, 30.75, 0.00, 0.00000200, 0.00000187
trial0000006, GVWY, 61, 6, 10.17, 0.00, 0.00000281, 0.00000022, ZIP, 955, 34, 28.09, 0.00, 0.00000163, 0.00000181
trial0000007, GVWY, 63, 6, 10.50, 0.00, 0.00000160, 0.00000028, ZIP, 981, 34, 28.85, 0.00, 0.00000155, 0.00000196
trial0000008, GVWY, 220, 6, 36.67, 1.00, 0.00000170, 0.00000025, ZIP, 1108, 34, 32.59, 0.00, 0.00000165, 0.00000179
trial0000009, GVWY, 241.75, 6, 40.29, 1.00, 0.00000183, 0.00000044, ZIP, 1163.25, 34, 34.21, 0.00, 0.00000164, 0.00000178
trial0000010, GVWY, 96, 6, 16.00, 0.00, 0.00000174, 0.00000024, ZIP, 1334, 34, 39.24, 0.00, 0.00000153, 0.00000190
trial0000011, GVWY, 259.5, 6, 43.25, 1.00, 0.00000233, 0.00000029, ZIP, 1409.5, 34, 41.46, 0.00, 0.00000165, 0.00000180
trial0000012, GVWY, 270.5, 6, 45.08, 1.00, 0.00000167, 0.00000027, ZIP, 1008.5, 34, 29.66, 0.00, 0.00000156, 0.00000200
trial0000013, GVWY, 29.5, 6, 4.92, 1.00, 0.00000287, 0.00000031, ZIP, 1171.5, 34, 34.46, 0.00, 0.00000156, 0.00000212
trial0000014, GVWY, 101, 6, 16.83, 0.00, 0.00000183, 0.00000029, ZIP, 1268, 34, 37.29, 0.00, 0.00000162, 0.00000205
trial0000015, GVWY, 287, 6, 47.83, 1.00, 0.00000154, 0.00000029, ZIP, 1262, 34, 37.12, 0.00, 0.00000167, 0.00000181
trial0000016, GVWY, 158.5, 6, 26.42, 1.00, 0.00000290, 0.00000025, ZIP, 959.5, 34, 28.22, 0.00, 0.00000277, 0.00000226
trial0000017, GVWY, 140, 6, 23.33, 1.00, 0.00000179, 0.00000026, ZIP, 1184, 34, 34.82, 0.00, 0.00000156, 0.00000188
trial0000018, GVWY, 195.75, 6, 32.62, 1.00, 0.00000198, 0.00000027, ZIP, 913.25, 34, 26.86, 0.00, 0.00000164, 0.00000216
trial0000019, GVWY, 241, 6, 40.17, 1.00, 0.00000181, 0.00000039, ZIP, 769, 34, 22.62, 0.00, 0.00000210, 0.00000189
trial0000020, GVWY, 78.5, 6, 13.08, 0.00, 0.00000199, 0.00000026, ZIP, 1236.5, 34, 36.37, 0.00, 0.00000163, 0.00000179
trial0000021, GVWY, 262, 6, 43.67, 1.00, 0.00000168, 0.00000026, ZIP, 1217, 34, 35.79, 1.00, 0.00000170, 0.00000224
trial0000022, GVWY, 140, 6, 23.33, 0.00, 0.00000190, 0.00000032, ZIP, 1036, 34, 30.47, 0.00, 0.00000150, 0.00000205
trial0000023, GVWY, 169.75, 6, 28.29, 1.00, 0.00000187, 0.00000027, ZIP, 1032.25, 34, 30.36, 0.00, 0.00000164, 0.00000184
trial0000024, GVWY, 179, 6, 29.83, 1.00, 0.00000178, 0.00000181, ZIP, 1010, 34, 29.71, 0.00, 0.00000205, 0.00000628
trial0000025, GVWY, 129, 6, 21.50, 1.00, 0.00000169, 0.00000025, ZIP, 875, 34, 25.74, 0.00, 0.00000155, 0.00000192
trial0000026, GVWY, 209.75, 6, 34.96, 1.00, 0.00000183, 0.00000030, ZIP, 1214.25, 34, 35.71, 0.00, 0.00000171, 0.00000194
trial0000027, GVWY, 164, 6, 27.33, 1.00, 0.00000198, 0.00000027, ZIP, 1043, 34, 30.68, 0.00, 0.00000176, 0.00000182
trial0000028, GVWY, 288, 6, 48.00, 1.00, 0.00000173, 0.00000028, ZIP, 835, 34, 24.56, 0.00, 0.00000176, 0.00000194
trial0000029, GVWY, 95.5, 6, 15.92, 1.00, 0.00003560, 0.00000026, ZIP, 860.5, 34, 25.31, 0.00, 0.00000211, 0.00000184
trial0000030, GVWY, 295, 6, 49.17, 1.00, 0.00000154, 0.00000028, ZIP, 1153, 34, 33.91, 0.00, 0.00000158, 0.00000187
trial0000031, GVWY, 185, 6, 30.83, 1.00, 0.00000181, 0.00000028, ZIP, 1031, 34, 30.32, 0.00, 0.00000159, 0.00000179
trial0000032, GVWY, 140.75, 6, 23.46, 0.00, 0.00000178, 0.00000024, ZIP, 642.25, 34, 18.89, 0.00, 0.00000170, 0.00000175
trial0000033, GVWY, 209.75, 6, 34.96, 1.00, 0.00000160, 0.00000027, ZIP, 1028.25, 34, 30.24, 0.00, 0.00000161, 0.00000194
trial0000034, GVWY, 310, 6, 51.67, 1.00, 0.00000168, 0.00000024, ZIP, 800, 34, 23.53, 0.00, 0.00000170, 0.00000187
trial0000035, GVWY, 87.5, 6, 14.58, 0.00, 0.00000192, 0.00000026, ZIP, 1269.5, 34, 37.34, 0.00, 0.00000160, 0.00000184
trial0000036, GVWY, 98, 6, 16.33, 0.00, 0.00000227, 0.00000028, ZIP, 983, 34, 28.91, 0.00, 0.00000158, 0.00000194
trial0000037, GVWY, 169.25, 6, 28.21, 0.00, 0.00000177, 0.00000023, ZIP, 1128.75, 34, 33.20, 0.00, 0.00000145, 0.00000199
trial0000038, GVWY, 196.5, 6, 32.75, 1.00, 0.00000153, 0.00000027, ZIP, 900.5, 34, 26.49, 0.00, 0.00000146, 0.00000192
trial0000039, GVWY, 216.5, 6, 36.08, 1.00, 0.00000171, 0.00000026, ZIP, 1145.5, 34, 33.69, 0.00, 0.00000164, 0.00000191
trial0000040, GVWY, 177, 6, 29.50, 1.00, 0.00000286, 0.00000025, ZIP, 1124, 34, 33.06, 0.00, 0.00000166, 0.00000183
trial0000041, GVWY, 263, 6, 43.83, 1.00, 0.00000175, 0.00000031, ZIP, 1170, 34, 34.41, 0.00, 0.00000181, 0.00000186
trial0000042, GVWY, 193, 6, 32.17, 1.00, 0.00000166, 0.00000028, ZIP, 1124, 34, 33.06, 1.00, 0.00000169, 0.00000196
trial0000043, GVWY, 157, 6, 26.17, 1.00, 0.00000146, 0.00000025, ZIP, 1062, 34, 31.24, 0.00, 0.00000144, 0.00000178
trial0000044, GVWY, 123.5, 6, 20.58, 0.00, 0.00000182, 0.00000026, ZIP, 1095.5, 34, 32.22, 0.00, 0.00000158, 0.00000205
trial0000045, GVWY, 195.75, 6, 32.62, 1.00, 0.00000170, 0.00000026, ZIP, 981.25, 34, 28.86, 0.00, 0.00000162, 0.00000184
trial0000046, GVWY, 256.5, 6, 42.75, 1.00, 0.00000265, 0.00000023, ZIP, 973.5, 34, 28.63, 0.00, 0.00000157, 0.00000178
trial0000047, GVWY, 180.75, 6, 30.12, 1.00, 0.00000153, 0.00000027, ZIP, 1041.25, 34, 30.62, 0.00, 0.00000160, 0.00000192
trial0000048, GVWY, 221, 6, 36.83, 0.00, 0.00000203, 0.00000026, ZIP, 764, 34, 22.47, 0.00, 0.00000152, 0.00000187
trial0000049, GVWY, 191, 6, 31.83, 0.00, 0.00000244, 0.00000024, ZIP, 724, 34, 21.29, 0.00, 0.00000176, 0.00000199
trial0000050, GVWY, 172, 6, 28.67, 1.00, 0.00003563, 0.00000022, ZIP, 960, 34, 28.24, 0.00, 0.00000158, 0.00000183
trial0000051, GVWY, 176, 6, 29.33, 1.00, 0.00000156, 0.00000024, ZIP, 1294, 34, 38.06, 0.00, 0.00000146, 0.00000174
trial0000052, GVWY, 194.5, 6, 32.42, 1.00, 0.00000182, 0.00000024, ZIP, 1233.5, 34, 36.28, 0.00, 0.00000157, 0.00000173
trial0000053, GVWY, 153, 6, 25.50, 1.00, 0.00000168, 0.00000029, ZIP, 1064, 34, 31.29, 0.00, 0.00000229, 0.00000182
trial0000054, GVWY, 294.75, 6, 49.12, 1.00, 0.00000266, 0.00000026, ZIP, 1191.25, 34, 35.04, 0.00, 0.00000157, 0.00000190
trial0000055, GVWY, 186.5, 6, 31.08, 1.00, 0.00000636, 0.00000033, ZIP, 1130.5, 34, 33.25, 0.00, 0.00000373, 0.00000275
trial0000056, GVWY, 317, 6, 52.83, 1.00, 0.00000161, 0.00000022, ZIP, 1129, 34, 33.21, 0.00, 0.00000154, 0.00000289
trial0000057, GVWY, 143, 6, 23.83, 0.00, 0.00000171, 0.00000026, ZIP, 1060, 34, 31.18, 0.00, 0.00000162, 0.00000193
trial0000058, GVWY, 267.5, 6, 44.58, 0.00, 0.00000160, 0.00000023, ZIP, 1148.5, 34, 33.78, 0.00, 0.00000157, 0.00000172
trial0000059, GVWY, 270, 6, 45.00, 1.00, 0.00000167, 0.00000022, ZIP, 1175, 34, 34.56, 0.00, 0.00000170, 0.00000225
trial0000060, GVWY, 4.5, 6, 0.75, 0.00, 0.00000172, 0.00000022, ZIP, 983.5, 34, 28.93, 0.00, 0.00000163, 0.00000178
trial0000061, GVWY, 321, 6, 53.50, 1.00, 0.00000171, 0.00000021, ZIP, 1262, 34, 37.12, 1.00, 0.00000165, 0.00000178
trial0000062, GVWY, 300, 6, 50.00, 1.00, 0.00000166, 0.00000024, ZIP, 842, 34, 24.76, 0.00, 0.00000164, 0.00000191
trial0000063, GVWY, 157.5, 6, 26.25, 1.00, 0.00000160, 0.00000022, ZIP, 839.5, 34, 24.69, 0.00, 0.00000154, 0.00000180
trial0000064, GVWY, 167.5, 6, 27.92, 1.00, 0.00000164, 0.00000023, ZIP, 1401.5, 34, 41.22, 0.00, 0.00000151, 0.00000182
trial0000065, GVWY, 218.5, 6, 36.42, 1.00, 0.00000169, 0.00000022, ZIP, 1483.5, 34, 43.63, 0.00, 0.00000255, 0.00000172
trial0000066, GVWY, 113.75, 6, 18.96, 0.00, 0.00000179, 0.00000024, ZIP, 977.25, 34, 28.74, 0.00, 0.00000165, 0.00000187
trial0000067, GVWY, 13, 6, 2.17, 0.00, 0.00000167, 0.00000055, ZIP, 1130, 34, 33.24, 0.00, 0.00000159, 0.00000201
trial0000068, GVWY, 144.75, 6, 24.12, 0.00, 0.00000162, 0.00000020, ZIP, 900.25, 34, 26.48, 0.00, 0.00000156, 0.00000176
trial0000069, GVWY, 355.25, 6, 59.21, 1.00, 0.00000150, 0.00000025, ZIP, 1197.75, 34, 35.23, 0.00, 0.00000158, 0.00000177
trial0000070, GVWY, 32.5, 6, 5.42, 0.00, 0.00000172, 0.00000025, ZIP, 751.5, 34, 22.10, 0.00, 0.00000157, 0.00000177
trial0000071, GVWY, 268, 6, 44.67, 1.00, 0.00000164, 0.00000021, ZIP, 1039, 34, 30.56, 0.00, 0.00000159, 0.00000170
trial0000072, GVWY, 288.25, 6, 48.04, 1.00, 0.00000189, 0.00000022, ZIP, 1142.75, 34, 33.61, 0.00, 0.00000176, 0.00000170
trial0000073, GVWY, 104.5, 6, 17.42, 0.00, 0.00000144, 0.00000023, ZIP, 1248.5, 34, 36.72, 0.00, 0.00000143, 0.00000173
trial0000074, GVWY, 142.5, 6, 23.75, 1.00, 0.00000156, 0.00000023, ZIP, 1137.5, 34, 33.46, 0.00, 0.00000149, 0.00000177
trial0000075, GVWY, 203.25, 6, 33.88, 1.00, 0.00000879, 0.00000023, ZIP, 762.75, 34, 22.43, 0.00, 0.00000162, 0.00000180
trial0000076, GVWY, 168.5, 6, 28.08, 0.00, 0.00000159, 0.00000023, ZIP, 781.5, 34, 22.99, 0.00, 0.00000153, 0.00000180
trial0000077, GVWY, 115.5, 6, 19.25, 1.00, 0.00000201, 0.00000022, ZIP, 913.5, 34, 26.87, 0.00, 0.00000158, 0.00000188
trial0000078, GVWY, 222.25, 6, 37.04, 1.00, 0.00000216, 0.00000024, ZIP, 1120.75, 34, 32.96, 0.00, 0.00000190, 0.00000167
trial0000079, GVWY, 182.25, 6, 30.38, 1.00, 0.00000164, 0.00000023, ZIP, 986.75, 34, 29.02, 0.00, 0.00000197, 0.00000193
trial0000080, GVWY, 208.5, 6, 34.75, 1.00, 0.00000156, 0.00000021, ZIP, 1088.5, 34, 32.01, 0.00, 0.00000148, 0.00000168
trial0000081, GVWY, 117, 6, 19.50, 1.00, 0.00000163, 0.00000022, ZIP, 1277, 34, 37.56, 1.00, 0.00000157, 0.00000163
trial0000082, GVWY, 178.5, 6, 29.75, 1.00, 0.00000167, 0.00000022, ZIP, 1431.5, 34, 42.10, 1.00, 0.00000155, 0.00000177
trial0000083, GVWY, 150, 6, 25.00, 1.00, 0.00000165, 0.00000024, ZIP, 975, 34, 28.68, 0.00, 0.00000173, 0.00000170
trial0000084, GVWY, 95, 6, 15.83, 0.00, 0.00000168, 0.00000115, ZIP, 1302, 34, 38.29, 0.00, 0.00000153, 0.00000290
trial0000085, GVWY, 267, 6, 44.50, 0.00, 0.00000171, 0.00000026, ZIP, 1035, 34, 30.44, 0.00, 0.00000177, 0.00000173
trial0000086, GVWY, 95, 6, 15.83, 0.00, 0.00000182, 0.00000021, ZIP, 955, 34, 28.09, 0.00, 0.00000151, 0.00000171
trial0000087, GVWY, 100.25, 6, 16.71, 0.00, 0.00000178, 0.00000023, ZIP, 1030.75, 34, 30.32, 0.00, 0.00000155, 0.00000187
trial0000088, GVWY, 101, 6, 16.83, 0.00, 0.00000173, 0.00000023, ZIP, 1135, 34, 33.38, 0.00, 0.00000159, 0.00000175
trial0000089, GVWY, 189.5, 6, 31.58, 1.00, 0.00000183, 0.00000024, ZIP, 1365.5, 34, 40.16, 0.00, 0.00000167, 0.00000210
trial0000090, GVWY, 107, 6, 17.83, 0.00, 0.00000163, 0.00000020, ZIP, 897, 34, 26.38, 0.00, 0.00000161, 0.00000252
trial0000091, GVWY, 155, 6, 25.83, 1.00, 0.00000160, 0.00000021, ZIP, 1321, 34, 38.85, 0.00, 0.00000156, 0.00000180
trial0000092, GVWY, 64, 6, 10.67, 0.00, 0.00000179, 0.00000022, ZIP, 1244, 34, 36.59, 0.00, 0.00000177, 0.00000188
trial0000093, GVWY, 239, 6, 39.83, 1.00, 0.00000167, 0.00000021, ZIP, 888, 34, 26.12, 0.00, 0.00000153, 0.00000193
trial0000094, GVWY, 146, 6, 24.33, 1.00, 0.00000296, 0.00000024, ZIP, 764, 34, 22.47, 0.00, 0.00000148, 0.00000189
trial0000095, GVWY, 188.5, 6, 31.42, 1.00, 0.00000157, 0.00000025, ZIP, 813.5, 34, 23.93, 0.00, 0.00000148, 0.00000184
trial0000096, GVWY, 111.75, 6, 18.62, 1.00, 0.00000171, 0.00000031, ZIP, 847.25, 34, 24.92, 0.00, 0.00000159, 0.00000206
trial0000097, GVWY, 115.5, 6, 19.25, 1.00, 0.00000192, 0.00000021, ZIP, 1023.5, 34, 30.10, 0.00, 0.00000150, 0.00000173
trial0000098, GVWY, 187, 6, 31.17, 0.00, 0.00000164, 0.00000029, ZIP, 816, 34, 24.00, 0.00, 0.00000149, 0.00000190
trial0000099, GVWY, 45, 6, 7.50, 1.00, 0.00000234, 0.00000028, ZIP, 1112, 34, 32.71, 0.00, 0.00000160, 0.00000180
trial0000100, GVWY, 195, 6, 32.50, 1.00, 0.00000166, 0.00000026, ZIP, 1025, 34, 30.15, 0.00, 0.00000160, 0.00000198
trial0000101, GVWY, 238, 6, 39.67, 1.00, 0.00000293, 0.00000023, ZIP, 1326, 34, 39.00, 0.00, 0.00000164, 0.00000171
trial0000102, GVWY, 182.5, 6, 30.42, 1.00, 0.00000180, 0.00000026, ZIP, 1336.5, 34, 39.31, 0.00, 0.00000183, 0.00000176
trial0000103, GVWY, 181.25, 6, 30.21, 1.00, 0.00000162, 0.00000024, ZIP, 1184.75, 34, 34.85, 0.00, 0.00000155, 0.00000188
trial0000104, GVWY, 208.5, 6, 34.75, 1.00, 0.00000168, 0.00000033, ZIP, 656.5, 34, 19.31, 0.00, 0.00000160, 0.00000216
trial0000105, GVWY, 147.5, 6, 24.58, 1.00, 0.00000181, 0.00000025, ZIP, 1011.5, 34, 29.75, 0.00, 0.00000145, 0.00000178
trial0000106, GVWY, 103.5, 6, 17.25, 0.00, 0.00000157, 0.00000023, ZIP, 901.5, 34, 26.51, 0.00, 0.00000154, 0.00000182
trial0000107, GVWY, 121.5, 6, 20.25, 1.00, 0.00000161, 0.00000022, ZIP, 946.5, 34, 27.84, 0.00, 0.00000155, 0.00000172
trial0000108, GVWY, 15.5, 6, 2.58, 0.00, 0.00000160, 0.00000026, ZIP, 1264.5, 34, 37.19, 1.00, 0.00000147, 0.00000184
trial0000109, GVWY, 238, 6, 39.67, 1.00, 0.00000160, 0.00000021, ZIP, 1157, 34, 34.03, 0.00, 0.00000147, 0.00000169
trial0000110, GVWY, 268.5, 6, 44.75, 1.00, 0.00000156, 0.00000026, ZIP, 876.5, 34, 25.78, 0.00, 0.00000153, 0.00000178
trial0000111, GVWY, 215, 6, 35.83, 1.00, 0.00000159, 0.00000023, ZIP, 1200, 34, 35.29, 0.00, 0.00000173, 0.00000171
trial0000112, GVWY, 297, 6, 49.50, 1.00, 0.00000153, 0.00000026, ZIP, 832, 34, 24.47, 0.00, 0.00000160, 0.00000222
trial0000113, GVWY, 118, 6, 19.67, 0.00, 0.00000158, 0.00000024, ZIP, 853, 34, 25.09, 0.00, 0.00000188, 0.00000187
trial0000114, GVWY, 6.5, 6, 1.08, 0.00, 0.00000185, 0.00000026, ZIP, 1092.5, 34, 32.13, 0.00, 0.00000164, 0.00000182
trial0000115, GVWY, 155.25, 6, 25.88, 1.00, 0.00000149, 0.00000022, ZIP, 772.75, 34, 22.73, 0.00, 0.00000145, 0.00000184
trial0000116, GVWY, 239.5, 6, 39.92, 1.00, 0.00000190, 0.00000031, ZIP, 1355.5, 34, 39.87, 0.00, 0.00000150, 0.00000188
trial0000117, GVWY, 260, 6, 43.33, 1.00, 0.00000173, 0.00000023, ZIP, 978, 34, 28.76, 0.00, 0.00000161, 0.00000174
trial0000118, GVWY, 270.5, 6, 45.08, 1.00, 0.00000156, 0.00000032, ZIP, 978.5, 34, 28.78, 0.00, 0.00000155, 0.00000199
trial0000119, GVWY, 267, 6, 44.50, 1.00, 0.00000189, 0.00000025, ZIP, 1053, 34, 30.97, 0.00, 0.00000166, 0.00000172
trial0000120, GVWY, 104, 6, 17.33, 1.00, 0.00000210, 0.00000027, ZIP, 1070, 34, 31.47, 0.00, 0.00000148, 0.00000179
trial0000121, GVWY, 195.5, 6, 32.58, 1.00, 0.00000151, 0.00000023, ZIP, 939.5, 34, 27.63, 0.00, 0.00000156, 0.00000184
trial0000122, GVWY, 272, 6, 45.33, 1.00, 0.00000161, 0.00000025, ZIP, 1257, 34, 36.97, 1.00, 0.00000177, 0.00000174
trial0000123, GVWY, 90, 6, 15.00, 1.00, 0.00000161, 0.00000025, ZIP, 750, 34, 22.06, 0.00, 0.00000147, 0.00000182
trial0000124, GVWY, 126.5, 6, 21.08, 0.00, 0.00000232, 0.00000024, ZIP, 615.5, 34, 18.10, 0.00, 0.00000164, 0.00000387
trial0000125, GVWY, 115.5, 6, 19.25, 0.00, 0.00000207, 0.00000030, ZIP, 1166.5, 34, 34.31, 0.00, 0.00000159, 0.00000183
trial0000126, GVWY, 298, 6, 49.67, 1.00, 0.00000243, 0.00000028, ZIP, 1173, 34, 34.50, 0.00, 0.00000188, 0.00000182
trial0000127, GVWY, 150, 6, 25.00, 0.00, 0.00000175, 0.00000024, ZIP, 1407, 34, 41.38, 1.00, 0.00000150, 0.00000174
trial0000128, GVWY, 157.5, 6, 26.25, 1.00, 0.00000154, 0.00000026, ZIP, 627.5, 34, 18.46, 0.00, 0.00000239, 0.00000182
trial0000129, GVWY, 66, 6, 11.00, 0.00, 0.00000161, 0.00000025, ZIP, 1161, 34, 34.15, 0.00, 0.00000148, 0.00000194
trial0000130, GVWY, 235.5, 6, 39.25, 1.00, 0.00000163, 0.00000025, ZIP, 1059.5, 34, 31.16, 0.00, 0.00000155, 0.00000181
trial0000131, GVWY, 201, 6, 33.50, 1.00, 0.00000162, 0.00000026, ZIP, 773, 34, 22.74, 0.00, 0.00000445, 0.00000178
trial0000132, GVWY, 212.5, 6, 35.42, 1.00, 0.00000152, 0.00000027, ZIP, 1019.5, 34, 29.99, 0.00, 0.00000165, 0.00000178
trial0000133, GVWY, 94.25, 6, 15.71, 0.00, 0.00000164, 0.00000026, ZIP, 1488.75, 34, 43.79, 0.00, 0.00000173, 0.00000193
trial0000134, GVWY, 167.75, 6, 27.96, 0.00, 0.00000181, 0.00000026, ZIP, 729.25, 34, 21.45, 0.00, 0.00000201, 0.00000189
trial0000135, GVWY, 364.5, 6, 60.75, 1.00, 0.00000166, 0.00000024, ZIP, 1125.5, 34, 33.10, 0.00, 0.00000151, 0.00000181
trial0000136, GVWY, 144.5, 6, 24.08, 1.00, 0.00000182, 0.00000026, ZIP, 978.5, 34, 28.78, 0.00, 0.00000158, 0.00000180
trial0000137, GVWY, 271, 6, 45.17, 1.00, 0.00000211, 0.00000026, ZIP, 951, 34, 27.97, 0.00, 0.00000160, 0.00000195
trial0000138, GVWY, 172.5, 6, 28.75, 1.00, 0.00000182, 0.00000026, ZIP, 1203.5, 34, 35.40, 0.00, 0.00000176, 0.00000198
trial0000139, GVWY, 251, 6, 41.83, 1.00, 0.00000194, 0.00000022, ZIP, 910, 34, 26.76, 0.00, 0.00000154, 0.00000196
trial0000140, GVWY, 267, 6, 44.50, 1.00, 0.00000177, 0.00000033, ZIP, 1193, 34, 35.09, 0.00, 0.00000160, 0.00000180
trial0000141, GVWY, 155, 6, 25.83, 0.00, 0.00000213, 0.00000029, ZIP, 958, 34, 28.18, 0.00, 0.00000173, 0.00000189
trial0000142, GVWY, 395.25, 6, 65.88, 1.00, 0.00000158, 0.00000026, ZIP, 1392.75, 34, 40.96, 1.00, 0.00000229, 0.00000180
trial0000143, GVWY, 215.5, 6, 35.92, 1.00, 0.00000170, 0.00000022, ZIP, 1010.5, 34, 29.72, 0.00, 0.00000155, 0.00000181
trial0000144, GVWY, 333.25, 6, 55.54, 1.00, 0.00000164, 0.00000027, ZIP, 966.75, 34, 28.43, 0.00, 0.00000166, 0.00000187
trial0000145, GVWY, 217.75, 6, 36.29, 1.00, 0.00000174, 0.00000024, ZIP, 905.25, 34, 26.62, 0.00, 0.00000153, 0.00000179
trial0000146, GVWY, 157.5, 6, 26.25, 1.00, 0.00000209, 0.00000026, ZIP, 881.5, 34, 25.93, 0.00, 0.00000171, 0.00000190
trial0000147, GVWY, 261, 6, 43.50, 1.00, 0.00000180, 0.00000021, ZIP, 1318, 34, 38.76, 0.00, 0.00000167, 0.00000168
trial0000148, GVWY, 190.5, 6, 31.75, 1.00, 0.00000166, 0.00000023, ZIP, 1102.5, 34, 32.43, 0.00, 0.00000158, 0.00000187
trial0000149, GVWY, 192.5, 6, 32.08, 1.00, 0.00000172, 0.00000027, ZIP, 796.5, 34, 23.43, 0.00, 0.00000152, 0.00000183
trial0000150, GVWY, 314, 6, 52.33, 1.00, 0.00000169, 0.00000021, ZIP, 1029, 34, 30.26, 0.00, 0.00000176, 0.00000179
trial0000151, GVWY, 266.5, 6, 44.42, 1.00, 0.00000166, 0.00000036, ZIP, 1240.5, 34, 36.49, 0.00, 0.00000164, 0.00000217
trial0000152, GVWY, 82.5, 6, 13.75, 1.00, 0.00000183, 0.00000021, ZIP, 1134.5, 34, 33.37, 0.00, 0.00000149, 0.00000170
trial0000153, GVWY, 152, 6, 25.33, 1.00, 0.00000176, 0.00000026, ZIP, 1051, 34, 30.91, 0.00, 0.00000162, 0.00000184
trial0000154, GVWY, 261.25, 6, 43.54, 1.00, 0.00000180, 0.00000034, ZIP, 1027.75, 34, 30.23, 0.00, 0.00000166, 0.00000196
trial0000155, GVWY, 295.5, 6, 49.25, 1.00, 0.00000176, 0.00000025, ZIP, 1273.5, 34, 37.46, 0.00, 0.00000264, 0.00000198
trial0000156, GVWY, 80, 6, 13.33, 0.00, 0.00000177, 0.00000025, ZIP, 810, 34, 23.82, 0.00, 0.00000158, 0.00000189
trial0000157, GVWY, 90, 6, 15.00, 0.00, 0.00000159, 0.00000024, ZIP, 784, 34, 23.06, 0.00, 0.00000153, 0.00000181
trial0000158, GVWY, 104.5, 6, 17.42, 0.00, 0.00000167, 0.00000025, ZIP, 974.5, 34, 28.66, 0.00, 0.00000166, 0.00000183
trial0000159, GVWY, 225.25, 6, 37.54, 1.00, 0.00000171, 0.00000025, ZIP, 1212.75, 34, 35.67, 0.00, 0.00000172, 0.00000175
trial0000160, GVWY, 201, 6, 33.50, 1.00, 0.00000167, 0.00000027, ZIP, 929, 34, 27.32, 0.00, 0.00000168, 0.00000177
trial0000161, GVWY, 193.75, 6, 32.29, 1.00, 0.00000158, 0.00000026, ZIP, 1219.25, 34, 35.86, 0.00, 0.00000162, 0.00000192
trial0000162, GVWY, 311.5, 6, 51.92, 1.00, 0.00000183, 0.00000029, ZIP, 1332.5, 34, 39.19, 0.00, 0.00000198, 0.00000187
trial0000163, GVWY, 228.25, 6, 38.04, 1.00, 0.00000161, 0.00000025, ZIP, 1014.75, 34, 29.85, 0.00, 0.00000167, 0.00000178
trial0000164, GVWY, 140.5, 6, 23.42, 0.00, 0.00000178, 0.00000488, ZIP, 1279.5, 34, 37.63, 0.00, 0.00000172, 0.00001592
trial0000165, GVWY, 322, 6, 53.67, 2.00, 0.00000152, 0.00000025, ZIP, 1264, 34, 37.18, 0.00, 0.00000187, 0.00000177
trial0000166, GVWY, 204, 6, 34.00, 1.00, 0.00000176, 0.00000025, ZIP, 1094, 34, 32.18, 0.00, 0.00000163, 0.00000178
trial0000167, GVWY, 311, 6, 51.83, 1.00, 0.00000170, 0.00000024, ZIP, 1114, 34, 32.76, 0.00, 0.00000172, 0.00000189
trial0000168, GVWY, 153.5, 6, 25.58, 1.00, 0.00000157, 0.00000023, ZIP, 921.5, 34, 27.10, 0.00, 0.00000155, 0.00000185
trial0000169, GVWY, 193.5, 6, 32.25, 1.00, 0.00000220, 0.00000031, ZIP, 1098.5, 34, 32.31, 0.00, 0.00000181, 0.00000193
trial0000170, GVWY, 183.5, 6, 30.58, 1.00, 0.00000192, 0.00000027, ZIP, 1066.5, 34, 31.37, 0.00, 0.00000162, 0.00000204
trial0000171, GVWY, 290.75, 6, 48.46, 1.00, 0.00000334, 0.00000030, ZIP, 1086.25, 34, 31.95, 0.00, 0.00000150, 0.00000186
trial0000172, GVWY, 154, 6, 25.67, 1.00, 0.00000169, 0.00000025, ZIP, 1208, 34, 35.53, 0.00, 0.00000158, 0.00000193
trial0000173, GVWY, 115.5, 6, 19.25, 1.00, 0.00000155, 0.00000025, ZIP, 850.5, 34, 25.01, 0.00, 0.00000151, 0.00000181
trial0000174, GVWY, 74.25, 6, 12.38, 0.00, 0.00000185, 0.00000028, ZIP, 1087.75, 34, 31.99, 0.00, 0.00000184, 0.00000224
trial0000175, GVWY, 245, 6, 40.83, 1.00, 0.00000172, 0.00000026, ZIP, 1190, 34, 35.00, 0.00, 0.00000154, 0.00000179
trial0000176, GVWY, 150.5, 6, 25.08, 1.00, 0.00000198, 0.00000030, ZIP, 1381.5, 34, 40.63, 0.00, 0.00000187, 0.00000206
trial0000177, GVWY, 216.25, 6, 36.04, 1.00, 0.00000170, 0.00000023, ZIP, 906.75, 34, 26.67, 0.00, 0.00000164, 0.00000179
trial0000178, GVWY, 162.5, 6, 27.08, 1.00, 0.00000166, 0.00000030, ZIP, 1256.5, 34, 36.96, 0.00, 0.00000153, 0.00000195
trial0000179, GVWY, 98.5, 6, 16.42, 1.00, 0.00000164, 0.00000026, ZIP, 932.5, 34, 27.43, 0.00, 0.00000160, 0.00000200
trial0000180, GVWY, 249.75, 6, 41.62, 1.00, 0.00000253, 0.00000030, ZIP, 1281.25, 34, 37.68, 0.00, 0.00000207, 0.00000197
trial0000181, GVWY, 44.75, 6, 7.46, 0.00, 0.00000193, 0.00000026, ZIP, 704.25, 34, 20.71, 0.00, 0.00000148, 0.00000213
trial0000182, GVWY, 387.5, 6, 64.58, 1.00, 0.00000149, 0.00000026, ZIP, 829.5, 34, 24.40, 0.00, 0.00000184, 0.00000207
trial0000183, GVWY, 263.5, 6, 43.92, 1.00, 0.00000178, 0.00000025, ZIP, 1000.5, 34, 29.43, 0.00, 0.00000151, 0.00000185
trial0000184, GVWY, 196, 6, 32.67, 0.00, 0.00000181, 0.00000034, ZIP, 738, 34, 21.71, 0.00, 0.00000164, 0.00000209
trial0000185, GVWY, 167.25, 6, 27.88, 0.00, 0.00000155, 0.00000023, ZIP, 1076.75, 34, 31.67, 0.00, 0.00000156, 0.00000193
trial0000186, GVWY, 249, 6, 41.50, 0.00, 0.00000189, 0.00000026, ZIP, 1007, 34, 29.62, 0.00, 0.00000245, 0.00000194
trial0000187, GVWY, 190.5, 6, 31.75, 1.00, 0.00000168, 0.00000027, ZIP, 1052.5, 34, 30.96, 0.00, 0.00000152, 0.00000184
trial0000188, GVWY, 258.75, 6, 43.12, 1.00, 0.00000153, 0.00000025, ZIP, 1011.25, 34, 29.74, 0.00, 0.00000154, 0.00000177
trial0000189, GVWY, 296.5, 6, 49.42, 1.00, 0.00000153, 0.00000024, ZIP, 1034.5, 34, 30.43, 0.00, 0.00000180, 0.00000174
trial0000190, GVWY, 155, 6, 25.83, 1.00, 0.00000179, 0.00000030, ZIP, 918, 34, 27.00, 0.00, 0.00000192, 0.00000196
trial0000191, GVWY, 327, 6, 54.50, 1.00, 0.00000218, 0.00000024, ZIP, 1283, 34, 37.74, 0.00, 0.00000155, 0.00000173
trial0000192, GVWY, 282.75, 6, 47.12, 1.00, 0.00000213, 0.00000028, ZIP, 1061.25, 34, 31.21, 0.00, 0.00000163, 0.00000176
trial0000193, GVWY, 148, 6, 24.67, 1.00, 0.00000164, 0.00000025, ZIP, 1200, 34, 35.29, 1.00, 0.00000163, 0.00000184
trial0000194, GVWY, 219.75, 6, 36.62, 1.00, 0.00000182, 0.00000031, ZIP, 998.25, 34, 29.36, 0.00, 0.00000151, 0.00000186
trial0000195, GVWY, 251.5, 6, 41.92, 1.00, 0.00000194, 0.00000029, ZIP, 841.5, 34, 24.75, 0.00, 0.00000165, 0.00000187
trial0000196, GVWY, 253.5, 6, 42.25, 1.00, 0.00000164, 0.00000024, ZIP, 1258.5, 34, 37.01, 0.00, 0.00000169, 0.00000263
trial0000197, GVWY, 210, 6, 35.00, 1.00, 0.00000162, 0.00000040, ZIP, 1235, 34, 36.32, 0.00, 0.00000197, 0.00000192
trial0000198, GVWY, 63.5, 6, 10.58, 0.00, 0.00000157, 0.00000024, ZIP, 1187.5, 34, 34.93, 0.00, 0.00000178, 0.00000180
trial0000199, GVWY, 298, 6, 49.67, 1.00, 0.00000165, 0.00000026, ZIP, 1292, 34, 38.00, 0.00, 0.00000164, 0.00000184
trial0000200, GVWY, 314.5, 6, 52.42, 1.00, 0.00000162, 0.00000024, ZIP, 1108.5, 34, 32.60, 0.00, 0.00000176, 0.00000202
trial0000201, GVWY, 208.75, 6, 34.79, 1.00, 0.00000303, 0.00000028, ZIP, 813.25, 34, 23.92, 0.00, 0.00000168, 0.00000202
trial0000202, GVWY, 121, 6, 20.17, 0.00, 0.00000188, 0.00000025, ZIP, 1115, 34, 32.79, 0.00, 0.00000149, 0.00000179
trial0000203, GVWY, 387, 6, 64.50, 1.00, 0.00000150, 0.00000025, ZIP, 1180, 34, 34.71, 0.00, 0.00000150, 0.00000188
trial0000204, GVWY, 176.5, 6, 29.42, 1.00, 0.00000180, 0.00000030, ZIP, 958.5, 34, 28.19, 0.00, 0.00000170, 0.00000192
trial0000205, GVWY, 126, 6, 21.00, 0.00, 0.00000168, 0.00000025, ZIP, 902, 34, 26.53, 0.00, 0.00000172, 0.00000179
trial0000206, GVWY, 257.25, 6, 42.88, 1.00, 0.00000143, 0.00000023, ZIP, 829.75, 34, 24.40, 0.00, 0.00000145, 0.00000187
trial0000207, GVWY, 194.5, 6, 32.42, 0.00, 0.00000184, 0.00000031, ZIP, 1121.5, 34, 32.99, 0.00, 0.00000168, 0.00000200
trial0000208, GVWY, 140, 6, 23.33, 1.00, 0.00000197, 0.00000028, ZIP, 1213, 34, 35.68, 0.00, 0.00000180, 0.00000195
trial0000209, GVWY, 247, 6, 41.17, 1.00, 0.00000193, 0.00000024, ZIP, 959, 34, 28.21, 0.00, 0.00000179, 0.00000183
trial0000210, GVWY, 315, 6, 52.50, 1.00, 0.00000169, 0.00000027, ZIP, 1351, 34, 39.74, 0.00, 0.00000151, 0.00000183
trial0000211, GVWY, 246.5, 6, 41.08, 1.00, 0.00000217, 0.00000026, ZIP, 1098.5, 34, 32.31, 0.00, 0.00000208, 0.00000187
trial0000212, GVWY, 159, 6, 26.50, 1.00, 0.00000163, 0.00000025, ZIP, 1222, 34, 35.94, 0.00, 0.00000164, 0.00000182
trial0000213, GVWY, 317.25, 6, 52.88, 1.00, 0.00000202, 0.00000029, ZIP, 1027.75, 34, 30.23, 0.00, 0.00000148, 0.00000192
trial0000214, GVWY, 94, 6, 15.67, 0.00, 0.00000156, 0.00000024, ZIP, 753, 34, 22.15, 0.00, 0.00000153, 0.00000179
trial0000215, GVWY, 219.25, 6, 36.54, 1.00, 0.00000189, 0.00000026, ZIP, 1173.75, 34, 34.52, 1.00, 0.00000168, 0.00000178
trial0000216, GVWY, 140.5, 6, 23.42, 0.00, 0.00000180, 0.00000022, ZIP, 634.5, 34, 18.66, 0.00, 0.00000158, 0.00000175
trial0000217, GVWY, 188, 6, 31.33, 0.00, 0.00000324, 0.00000026, ZIP, 1174, 34, 34.53, 0.00, 0.00000174, 0.00000200
trial0000218, GVWY, 25, 6, 4.17, 0.00, 0.00000172, 0.00000026, ZIP, 1108, 34, 32.59, 0.00, 0.00000171, 0.00000187
trial0000219, GVWY, 207, 6, 34.50, 0.00, 0.00000182, 0.00000023, ZIP, 1396, 34, 41.06, 0.00, 0.00000166, 0.00000183
trial0000220, GVWY, 149.5, 6, 24.92, 1.00, 0.00000181, 0.00000028, ZIP, 1264.5, 34, 37.19, 0.00, 0.00000162, 0.00000181
trial0000221, GVWY, 200.75, 6, 33.46, 1.00, 0.00000158, 0.00000022, ZIP, 1202.25, 34, 35.36, 0.00, 0.00000162, 0.00000186
trial0000222, GVWY, 324, 6, 54.00, 1.00, 0.00000185, 0.00000027, ZIP, 829, 34, 24.38, 0.00, 0.00000172, 0.00000191
trial0000223, GVWY, 213.5, 6, 35.58, 1.00, 0.00000211, 0.00000027, ZIP, 1240.5, 34, 36.49, 0.00, 0.00000177, 0.00000196
trial0000224, GVWY, 206.5, 6, 34.42, 1.00, 0.00000513, 0.00000026, ZIP, 1013.5, 34, 29.81, 0.00, 0.00000188, 0.00000196
trial0000225, GVWY, 235.5, 6, 39.25, 1.00, 0.00000178, 0.00000026, ZIP, 1259.5, 34, 37.04, 0.00, 0.00000160, 0.00000191
trial0000226, GVWY, 74.5, 6, 12.42, 0.00, 0.00000150, 0.00000023, ZIP, 1195.5, 34, 35.16, 0.00, 0.00000150, 0.00000199
trial0000227, GVWY, 257.5, 6, 42.92, 1.00, 0.00000188, 0.00000030, ZIP, 1342.5, 34, 39.49, 0.00, 0.00000178, 0.00000191
trial0000228, GVWY, 440, 6, 73.33, 1.00, 0.00000170, 0.00000024, ZIP, 702, 34, 20.65, 0.00, 0.00000156, 0.00000179
trial0000229, GVWY, 217.5, 6, 36.25, 1.00, 0.00000157, 0.00000035, ZIP, 1112.5, 34, 32.72, 0.00, 0.00000153, 0.00000192
trial0000230, GVWY, 196.5, 6, 32.75, 1.00, 0.00000165, 0.00000032, ZIP, 1287.5, 34, 37.87, 0.00, 0.00000157, 0.00000192
trial0000231, GVWY, 319.75, 6, 53.29, 1.00, 0.00000149, 0.00000028, ZIP, 1220.25, 34, 35.89, 0.00, 0.00000174, 0.00000173
trial0000232, GVWY, 283.5, 6, 47.25, 1.00, 0.00000177, 0.00000024, ZIP, 1088.5, 34, 32.01, 0.00, 0.00000165, 0.00000170
trial0000233, GVWY, 182.5, 6, 30.42, 1.00, 0.00000207, 0.00000028, ZIP, 983.5, 34, 28.93, 0.00, 0.00000153, 0.00000199
trial0000234, GVWY, 215, 6, 35.83, 1.00, 0.00000277, 0.00000024, ZIP, 701, 34, 20.62, 0.00, 0.00000152, 0.00000177
trial0000235, GVWY, 317, 6, 52.83, 1.00, 0.00000166, 0.00000027, ZIP, 816, 34, 24.00, 0.00, 0.00000156, 0.00000184
trial0000236, GVWY, 276, 6, 46.00, 1.00, 0.00000161, 0.00000029, ZIP, 1204, 34, 35.41, 0.00, 0.00000160, 0.00000185
trial0000237, GVWY, 225.25, 6, 37.54, 1.00, 0.00000167, 0.00000025, ZIP, 1192.75, 34, 35.08, 0.00, 0.00000160, 0.00000174
trial0000238, GVWY, 207, 6, 34.50, 1.00, 0.00000175, 0.00000024, ZIP, 1265, 34, 37.21, 0.00, 0.00000159, 0.00000179
trial0000239, GVWY, 268.5, 6, 44.75, 1.00, 0.00000175, 0.00000027, ZIP, 951.5, 34, 27.99, 0.00, 0.00000166, 0.00000184
trial0000240, GVWY, 298.25, 6, 49.71, 1.00, 0.00000169, 0.00000022, ZIP, 1124.75, 34, 33.08, 0.00, 0.00000151, 0.00000167
trial0000241, GVWY, 242, 6, 40.33, 1.00, 0.00000173, 0.00000025, ZIP, 1135, 34, 33.38, 0.00, 0.00000162, 0.00000179
trial0000242, GVWY, 94.75, 6, 15.79, 0.00, 0.00000168, 0.00000023, ZIP, 1169.25, 34, 34.39, 0.00, 0.00000154, 0.00000175
trial0000243, GVWY, 144.5, 6, 24.08, 1.00, 0.00000169, 0.00000023, ZIP, 1155.5, 34, 33.99, 0.00, 0.00000152, 0.00000175
trial0000244, GVWY, 320.5, 6, 53.42, 1.00, 0.00000161, 0.00000026, ZIP, 966.5, 34, 28.43, 0.00, 0.00000156, 0.00000183
trial0000245, GVWY, 330.5, 6, 55.08, 1.00, 0.00000214, 0.00000031, ZIP, 1176.5, 34, 34.60, 0.00, 0.00000148, 0.00000179
trial0000246, GVWY, 138.5, 6, 23.08, 1.00, 0.00000155, 0.00000028, ZIP, 1084.5, 34, 31.90, 0.00, 0.00000154, 0.00000181
trial0000247, GVWY, 142.75, 6, 23.79, 1.00, 0.00000184, 0.00000024, ZIP, 1091.25, 34, 32.10, 0.00, 0.00000162, 0.00000178
trial0000248, GVWY, 139, 6, 23.17, 0.00, 0.00000166, 0.00000026, ZIP, 1192, 34, 35.06, 0.00, 0.00000153, 0.00000186
trial0000249, GVWY, 92.5, 6, 15.42, 1.00, 0.00000350, 0.00000031, ZIP, 877.5, 34, 25.81, 0.00, 0.00000158, 0.00000190
trial0000250, GVWY, 204, 6, 34.00, 1.00, 0.00000172, 0.00000021, ZIP, 1295, 34, 38.09, 0.00, 0.00000174, 0.00000174
trial0000251, GVWY, 272, 6, 45.33, 1.00, 0.00000163, 0.00000033, ZIP, 1270, 34, 37.35, 0.00, 0.00000171, 0.00000190
trial0000252, GVWY, 316.5, 6, 52.75, 1.00, 0.00000188, 0.00000022, ZIP, 1068.5, 34, 31.43, 0.00, 0.00000151, 0.00000175
trial0000253, GVWY, 199, 6, 33.17, 0.00, 0.00000181, 0.00000027, ZIP, 725, 34, 21.32, 0.00, 0.00000177, 0.00000204
trial0000254, GVWY, 38.5, 6, 6.42, 0.00, 0.00000255, 0.00000023, ZIP, 1134.5, 34, 33.37, 0.00, 0.00000165, 0.00000174
trial0000255, GVWY, 249, 6, 41.50, 1.00, 0.00000184, 0.00000028, ZIP, 1062, 34, 31.24, 0.00, 0.00000176, 0.00000182
trial0000256, GVWY, 277, 6, 46.17, 1.00, 0.00000174, 0.00000039, ZIP, 1154, 34, 33.94, 0.00, 0.00000190, 0.00000221
trial0000257, GVWY, 167, 6, 27.83, 1.00, 0.00000189, 0.00000024, ZIP, 733, 34, 21.56, 0.00, 0.00000150, 0.00000179
trial0000258, GVWY, 146.5, 6, 24.42, 0.00, 0.00000171, 0.00000025, ZIP, 1338.5, 34, 39.37, 0.00, 0.00000172, 0.00000172
trial0000259, GVWY, 187.75, 6, 31.29, 1.00, 0.00000171, 0.00000026, ZIP, 1232.25, 34, 36.24, 0.00, 0.00000162, 0.00000182
trial0000260, GVWY, 385, 6, 64.17, 1.00, 0.00000388, 0.00000025, ZIP, 1078, 34, 31.71, 0.00, 0.00000146, 0.00000183
trial0000261, GVWY, 113.5, 6, 18.92, 0.00, 0.00000150, 0.00000029, ZIP, 1346.5, 34, 39.60, 0.00, 0.00000187, 0.00000192
trial0000262, GVWY, 46.25, 6, 7.71, 0.00, 0.00000174, 0.00000026, ZIP, 978.75, 34, 28.79, 0.00, 0.00000152, 0.00000177
trial0000263, GVWY, 265, 6, 44.17, 1.00, 0.00000178, 0.00000026, ZIP, 1229, 34, 36.15, 0.00, 0.00000153, 0.00000177
trial0000264, GVWY, 231, 6, 38.50, 1.00, 0.00000174, 0.00000024, ZIP, 1170, 34, 34.41, 0.00, 0.00000193, 0.00000177
trial0000265, GVWY, 180.5, 6, 30.08, 1.00, 0.00000150, 0.00000028, ZIP, 1038.5, 34, 30.54, 0.00, 0.00000167, 0.00000179
trial0000266, GVWY, 135.25, 6, 22.54, 1.00, 0.00000157, 0.00000023, ZIP, 1081.75, 34, 31.82, 0.00, 0.00000160, 0.00000170
trial0000267, GVWY, 161.25, 6, 26.88, 0.00, 0.00000163, 0.00000023, ZIP, 1370.75, 34, 40.32, 0.00, 0.00000321, 0.00000193
trial0000268, GVWY, 216.5, 6, 36.08, 1.00, 0.00000212, 0.00000024, ZIP, 1052.5, 34, 30.96, 0.00, 0.00000155, 0.00000198
trial0000269, GVWY, 130.5, 6, 21.75, 1.00, 0.00000173, 0.00000025, ZIP, 1180.5, 34, 34.72, 0.00, 0.00000149, 0.00000174
trial0000270, GVWY, 117, 6, 19.50, 0.00, 0.00000165, 0.00000023, ZIP, 1189, 34, 34.97, 0.00, 0.00000145, 0.00000191
trial0000271, GVWY, 155.5, 6, 25.92, 1.00, 0.00000161, 0.00000025, ZIP, 1093.5, 34, 32.16, 0.00, 0.00000186, 0.00000175
trial0000272, GVWY, 124.25, 6, 20.71, 0.00, 0.00000186, 0.00000024, ZIP, 1122.75, 34, 33.02, 0.00, 0.00000151, 0.00000183
trial0000273, GVWY, 159.5, 6, 26.58, 0.00, 0.00000170, 0.00000024, ZIP, 1404.5, 34, 41.31, 0.00, 0.00000155, 0.00000188
trial0000274, GVWY, 212.5, 6, 35.42, 0.00, 0.00000156, 0.00000026, ZIP, 1490.5, 34, 43.84, 0.00, 0.00000147, 0.00000184
trial0000275, GVWY, 209, 6, 34.83, 1.00, 0.00000182, 0.00000031, ZIP, 1261, 34, 37.09, 0.00, 0.00000172, 0.00000204
trial0000276, GVWY, 232.75, 6, 38.79, 1.00, 0.00000182, 0.00000029, ZIP, 919.25, 34, 27.04, 0.00, 0.00000154, 0.00000175
trial0000277, GVWY, 157.25, 6, 26.21, 1.00, 0.00000167, 0.00000020, ZIP, 1143.75, 34, 33.64, 0.00, 0.00000164, 0.00000174
trial0000278, GVWY, 163, 6, 27.17, 0.00, 0.00000160, 0.00000024, ZIP, 1038, 34, 30.53, 0.00, 0.00000162, 0.00000181
trial0000279, GVWY, 212.5, 6, 35.42, 0.00, 0.00000176, 0.00000023, ZIP, 840.5, 34, 24.72, 0.00, 0.00000141, 0.00000176
trial0000280, GVWY, 105.5, 6, 17.58, 1.00, 0.00000163, 0.00000022, ZIP, 1229.5, 34, 36.16, 0.00, 0.00000158, 0.00000171
trial0000281, GVWY, 204.75, 6, 34.12, 1.00, 0.00000169, 0.00000023, ZIP, 856.25, 34, 25.18, 0.00, 0.00000148, 0.00000178
trial0000282, GVWY, 343, 6, 57.17, 1.00, 0.00000171, 0.00000032, ZIP, 1095, 34, 32.21, 0.00, 0.00000161, 0.00000209
trial0000283, GVWY, 160, 6, 26.67, 1.00, 0.00000159, 0.00000026, ZIP, 997, 34, 29.32, 0.00, 0.00000147, 0.00000176
trial0000284, GVWY, 59, 6, 9.83, 0.00, 0.00000156, 0.00000023, ZIP, 784, 34, 23.06, 0.00, 0.00000159, 0.00000186
trial0000285, GVWY, 124.5, 6, 20.75, 0.00, 0.00000160, 0.00000025, ZIP, 1323.5, 34, 38.93, 0.00, 0.00000169, 0.00000183
trial0000286, GVWY, 103.5, 6, 17.25, 1.00, 0.00000190, 0.00000022, ZIP, 1012.5, 34, 29.78, 0.00, 0.00000152, 0.00000192
trial0000287, GVWY, 185, 6, 30.83, 1.00, 0.00000161, 0.00000024, ZIP, 911, 34, 26.79, 0.00, 0.00000199, 0.00000185
trial0000288, GVWY, 41, 6, 6.83, 0.00, 0.00000196, 0.00000025, ZIP, 1308, 34, 38.47, 0.00, 0.00000187, 0.00000190
trial0000289, GVWY, 259, 6, 43.17, 1.00, 0.00000278, 0.00000029, ZIP, 996, 34, 29.29, 0.00, 0.00000402, 0.00000221
trial0000290, GVWY, 234.5, 6, 39.08, 1.00, 0.00000182, 0.00000024, ZIP, 1383.5, 34, 40.69, 0.00, 0.00000204, 0.00000171
trial0000291, GVWY, 263, 6, 43.83, 1.00, 0.00000156, 0.00000024, ZIP, 1048, 34, 30.82, 0.00, 0.00000158, 0.00000173
trial0000292, GVWY, 263, 6, 43.83, 1.00, 0.00000165, 0.00000022, ZIP, 1240, 34, 36.47, 0.00, 0.00000143, 0.00000179
trial0000293, GVWY, 100, 6, 16.67, 0.00, 0.00000166, 0.00000027, ZIP, 1325, 34, 38.97, 0.00, 0.00000156, 0.00000186
trial0000294, GVWY, 146.5, 6, 24.42, 0.00, 0.00000173, 0.00000026, ZIP, 1336.5, 34, 39.31, 0.00, 0.00000166, 0.00000187
trial0000295, GVWY, 163.5, 6, 27.25, 0.00, 0.00000148, 0.00000023, ZIP, 874.5, 34, 25.72, 0.00, 0.00000143, 0.00000191
trial0000296, GVWY, 153, 6, 25.50, 1.00, 0.00000163, 0.00000024, ZIP, 1210, 34, 35.59, 0.00, 0.00000154, 0.00000183
trial0000297, GVWY, 198.5, 6, 33.08, 1.00, 0.00000148, 0.00000022, ZIP, 1334.5, 34, 39.25, 0.00, 0.00000151, 0.00000163
trial0000298, GVWY, 232.25, 6, 38.71, 1.00, 0.00000159, 0.00000025, ZIP, 1039.75, 34, 30.58, 0.00, 0.00000155, 0.00000181
trial0000299, GVWY, 270.5, 6, 45.08, 1.00, 0.00000161, 0.00000038, ZIP, 1215.5, 34, 35.75, 0.00, 0.00000159, 0.00000194
trial0000300, GVWY, 242, 6, 40.33, 1.00, 0.00000150, 0.00000024, ZIP, 1179, 34, 34.68, 0.00, 0.00000145, 0.00000178
trial0000301, GVWY, 319.25, 6, 53.21, 1.00, 0.00000161, 0.00000025, ZIP, 1117.75, 34, 32.88, 0.00, 0.00000145, 0.00000180
trial0000302, GVWY, 141, 6, 23.50, 1.00, 0.00000163, 0.00000023, ZIP, 908, 34, 26.71, 0.00, 0.00000149, 0.00000180
trial0000303, GVWY, 205.5, 6, 34.25, 1.00, 0.00000162, 0.00000022, ZIP, 1422.5, 34, 41.84, 1.00, 0.00000150, 0.00000173
trial0000304, GVWY, 219.5, 6, 36.58, 0.00, 0.00000176, 0.00000036, ZIP, 1321.5, 34, 38.87, 0.00, 0.00000150, 0.00000174
trial0000305, GVWY, 264, 6, 44.00, 1.00, 0.00000146, 0.00000022, ZIP, 1224, 34, 36.00, 0.00, 0.00000185, 0.00000178
trial0000306, GVWY, 71.5, 6, 11.92, 0.00, 0.00000177, 0.00000026, ZIP, 1222.5, 34, 35.96, 0.00, 0.00000152, 0.00000179
trial0000307, GVWY, 238, 6, 39.67, 1.00, 0.00000153, 0.00000026, ZIP, 1204, 34, 35.41, 0.00, 0.00000161, 0.00000185
trial0000308, GVWY, 200, 6, 33.33, 0.00, 0.00000162, 0.00000023, ZIP, 879, 34, 25.85, 0.00, 0.00000159, 0.00000181
trial0000309, GVWY, 64, 6, 10.67, 0.00, 0.00000170, 0.00000029, ZIP, 1178, 34, 34.65, 0.00, 0.00000159, 0.00000186
trial0000310, GVWY, 100, 6, 16.67, 0.00, 0.00000180, 0.00000023, ZIP, 998, 34, 29.35, 0.00, 0.00000168, 0.00000181
trial0000311, GVWY, 419.5, 6, 69.92, 1.00, 0.00000153, 0.00000027, ZIP, 880.5, 34, 25.90, 0.00, 0.00000154, 0.00000189
trial0000312, GVWY, 95, 6, 15.83, 0.00, 0.00000165, 0.00000024, ZIP, 1254, 34, 36.88, 0.00, 0.00000145, 0.00000178
trial0000313, GVWY, 227.5, 6, 37.92, 1.00, 0.00000182, 0.00000026, ZIP, 1273.5, 34, 37.46, 0.00, 0.00000165, 0.00000218
trial0000314, GVWY, 237, 6, 39.50, 1.00, 0.00000166, 0.00000024, ZIP, 1016, 34, 29.88, 0.00, 0.00000164, 0.00000224
trial0000315, GVWY, 98.5, 6, 16.42, 1.00, 0.00000189, 0.00000021, ZIP, 913.5, 34, 26.87, 0.00, 0.00000174, 0.00000222
trial0000316, GVWY, 179.25, 6, 29.88, 1.00, 0.00000187, 0.00000029, ZIP, 853.75, 34, 25.11, 0.00, 0.00000155, 0.00000206
trial0000317, GVWY, 174, 6, 29.00, 1.00, 0.00000163, 0.00000028, ZIP, 1227, 34, 36.09, 0.00, 0.00000158, 0.00000177
trial0000318, GVWY, 244, 6, 40.67, 1.00, 0.00000232, 0.00000022, ZIP, 920, 34, 27.06, 0.00, 0.00000141, 0.00000178
trial0000319, GVWY, 215.5, 6, 35.92, 1.00, 0.00000173, 0.00000025, ZIP, 1252.5, 34, 36.84, 0.00, 0.00000144, 0.00000180
trial0000320, GVWY, 211.5, 6, 35.25, 1.00, 0.00000162, 0.00000022, ZIP, 1342.5, 34, 39.49, 0.00, 0.00000174, 0.00000174
trial0000321, GVWY, 217.5, 6, 36.25, 1.00, 0.00000161, 0.00000023, ZIP, 820.5, 34, 24.13, 0.00, 0.00000156, 0.00000187
trial0000322, GVWY, 193.5, 6, 32.25, 1.00, 0.00000165, 0.00000026, ZIP, 1300.5, 34, 38.25, 0.00, 0.00000187, 0.00000203
trial0000323, GVWY, 248.75, 6, 41.46, 1.00, 0.00000185, 0.00000027, ZIP, 948.25, 34, 27.89, 0.00, 0.00000154, 0.00000196
trial0000324, GVWY, 151.5, 6, 25.25, 1.00, 0.00000178, 0.00000025, ZIP, 1311.5, 34, 38.57, 0.00, 0.00000174, 0.00000181
trial0000325, GVWY, 97.5, 6, 16.25, 0.00, 0.00000236, 0.00000025, ZIP, 1057.5, 34, 31.10, 0.00, 0.00000164, 0.00000182
trial0000326, GVWY, 345.5, 6, 57.58, 1.00, 0.00000156, 0.00000027, ZIP, 879.5, 34, 25.87, 0.00, 0.00000150, 0.00000188
trial0000327, GVWY, 152.5, 6, 25.42, 1.00, 0.00000162, 0.00000025, ZIP, 1159.5, 34, 34.10, 0.00, 0.00000147, 0.00000190
trial0000328, GVWY, 82.5, 6, 13.75, 1.00, 0.00000177, 0.00000024, ZIP, 1064.5, 34, 31.31, 0.00, 0.00000156, 0.00000184
trial0000329, GVWY, 174, 6, 29.00, 0.00, 0.00000173, 0.00000025, ZIP, 1250, 34, 36.76, 0.00, 0.00000167, 0.00000183
trial0000330, GVWY, 290, 6, 48.33, 1.00, 0.00000172, 0.00000024, ZIP, 1069, 34, 31.44, 0.00, 0.00000148, 0.00000182
trial0000331, GVWY, 212, 6, 35.33, 0.00, 0.00000172, 0.00000026, ZIP, 1028, 34, 30.24, 0.00, 0.00000178, 0.00000209
trial0000332, GVWY, 204.5, 6, 34.08, 1.00, 0.00000165, 0.00000027, ZIP, 1079.5, 34, 31.75, 0.00, 0.00000151, 0.00000183
trial0000333, GVWY, 317.5, 6, 52.92, 1.00, 0.00000160, 0.00000029, ZIP, 1064.5, 34, 31.31, 0.00, 0.00000160, 0.00000185
trial0000334, GVWY, 216, 6, 36.00, 1.00, 0.00000153, 0.00000023, ZIP, 813, 34, 23.91, 0.00, 0.00000144, 0.00000171
trial0000335, GVWY, 123.25, 6, 20.54, 1.00, 0.00000173, 0.00000054, ZIP, 1111.75, 34, 32.70, 0.00, 0.00000152, 0.00000276
trial0000336, GVWY, 226.5, 6, 37.75, 0.00, 0.00000166, 0.00000025, ZIP, 1262.5, 34, 37.13, 0.00, 0.00000153, 0.00000181
trial0000337, GVWY, 117, 6, 19.50, 0.00, 0.00000157, 0.00000024, ZIP, 903, 34, 26.56, 0.00, 0.00000162, 0.00000184
trial0000338, GVWY, 298.25, 6, 49.71, 1.00, 0.00000183, 0.00000030, ZIP, 1130.75, 34, 33.26, 0.00, 0.00000163, 0.00000200
trial0000339, GVWY, 306, 6, 51.00, 1.00, 0.00000163, 0.00000023, ZIP, 740, 34, 21.76, 0.00, 0.00000176, 0.00000180
trial0000340, GVWY, 245, 6, 40.83, 1.00, 0.00000164, 0.00000160, ZIP, 1227, 34, 36.09, 0.00, 0.00000157, 0.00000355
trial0000341, GVWY, 282.25, 6, 47.04, 1.00, 0.00000184, 0.00000024, ZIP, 1126.75, 34, 33.14, 0.00, 0.00000151, 0.00000211
trial0000342, GVWY, 136.25, 6, 22.71, 1.00, 0.00000159, 0.00000026, ZIP, 1201.75, 34, 35.35, 0.00, 0.00000159, 0.00000175
trial0000343, GVWY, 104, 6, 17.33, 0.00, 0.00000178, 0.00000025, ZIP, 980, 34, 28.82, 0.00, 0.00000145, 0.00000187
trial0000344, GVWY, 150.75, 6, 25.12, 1.00, 0.00000289, 0.00000025, ZIP, 1081.25, 34, 31.80, 0.00, 0.00000145, 0.00000181
trial0000345, GVWY, 264.5, 6, 44.08, 1.00, 0.00000166, 0.00000024, ZIP, 1181.5, 34, 34.75, 0.00, 0.00000149, 0.00000174
trial0000346, GVWY, 109.5, 6, 18.25, 0.00, 0.00000159, 0.00000025, ZIP, 732.5, 34, 21.54, 0.00, 0.00000177, 0.00000185
trial0000347, GVWY, 114.5, 6, 19.08, 0.00, 0.00000178, 0.00000025, ZIP, 1027.5, 34, 30.22, 0.00, 0.00000182, 0.00000199
trial0000348, GVWY, 257.5, 6, 42.92, 1.00, 0.00000170, 0.00000026, ZIP, 934.5, 34, 27.49, 0.00, 0.00000157, 0.00000192
trial0000349, GVWY, 268.75, 6, 44.79, 1.00, 0.00000168, 0.00000033, ZIP, 1233.25, 34, 36.27, 0.00, 0.00000160, 0.00000192
trial0000350, GVWY, 86, 6, 14.33, 0.00, 0.00000177, 0.00000024, ZIP, 1282, 34, 37.71, 0.00, 0.00000152, 0.00000189
trial0000351, GVWY, 116, 6, 19.33, 1.00, 0.00000163, 0.00000027, ZIP, 788, 34, 23.18, 0.00, 0.00000157, 0.00000314
trial0000352, GVWY, 108.5, 6, 18.08, 1.00, 0.00000162, 0.00000030, ZIP, 1242.5, 34, 36.54, 0.00, 0.00000163, 0.00000200
trial0000353, GVWY, 223.5, 6, 37.25, 1.00, 0.00000178, 0.00000029, ZIP, 727.5, 34, 21.40, 0.00, 0.00000153, 0.00000186
trial0000354, GVWY, 151, 6, 25.17, 1.00, 0.00000633, 0.00000028, ZIP, 1016, 34, 29.88, 0.00, 0.00000154, 0.00000188
trial0000355, GVWY, 172.5, 6, 28.75, 0.00, 0.00000196, 0.00000032, ZIP, 1404.5, 34, 41.31, 0.00, 0.00000161, 0.00000187
trial0000356, GVWY, 311.5, 6, 51.92, 1.00, 0.00000179, 0.00000026, ZIP, 1374.5, 34, 40.43, 1.00, 0.00000176, 0.00000214
trial0000357, GVWY, 161.25, 6, 26.88, 1.00, 0.00000182, 0.00000031, ZIP, 1266.75, 34, 37.26, 1.00, 0.00000173, 0.00000194
trial0000358, GVWY, 168.5, 6, 28.08, 0.00, 0.00000173, 0.00000026, ZIP, 1325.5, 34, 38.99, 0.00, 0.00000235, 0.00000181
trial0000359, GVWY, 161.75, 6, 26.96, 1.00, 0.00000172, 0.00000027, ZIP, 1464.25, 34, 43.07, 0.00, 0.00000163, 0.00000185
trial0000360, GVWY, 285, 6, 47.50, 1.00, 0.00000185, 0.00000034, ZIP, 1113, 34, 32.74, 0.00, 0.00000178, 0.00000192
trial0000361, GVWY, 257, 6, 42.83, 1.00, 0.00000251, 0.00000027, ZIP, 1233, 34, 36.26, 0.00, 0.00000174, 0.00000200
trial0000362, GVWY, 245.75, 6, 40.96, 0.00, 0.00000188, 0.00000025, ZIP, 1135.25, 34, 33.39, 0.00, 0.00000159, 0.00000183
trial0000363, GVWY, 218.5, 6, 36.42, 1.00, 0.00000280, 0.00000026, ZIP, 710.5, 34, 20.90, 0.00, 0.00000154, 0.00000194
trial0000364, GVWY, 185, 6, 30.83, 1.00, 0.00000172, 0.00000024, ZIP, 1032, 34, 30.35, 0.00, 0.00000194, 0.00000191
trial0000365, GVWY, 287, 6, 47.83, 1.00, 0.00000170, 0.00000023, ZIP, 1055, 34, 31.03, 0.00, 0.00000157, 0.00000170
trial0000366, GVWY, 94, 6, 15.67, 0.00, 0.00000199, 0.00000024, ZIP, 987, 34, 29.03, 0.00, 0.00000155, 0.00000191
trial0000367, GVWY, 152.25, 6, 25.38, 1.00, 0.00000189, 0.00000025, ZIP, 1306.75, 34, 38.43, 0.00, 0.00000175, 0.00000179
trial0000368, GVWY, 120.75, 6, 20.12, 1.00, 0.00000168, 0.00000024, ZIP, 1076.25, 34, 31.65, 0.00, 0.00000199, 0.00000195
trial0000369, GVWY, 326, 6, 54.33, 1.00, 0.00000148, 0.00000025, ZIP, 1136, 34, 33.41, 0.00, 0.00000149, 0.00000182
trial0000370, GVWY, 359, 6, 59.83, 1.00, 0.00000153, 0.00000028, ZIP, 1069, 34, 31.44, 0.00, 0.00000144, 0.00000187
trial0000371, GVWY, 377.75, 6, 62.96, 1.00, 0.00000159, 0.00000024, ZIP, 966.25, 34, 28.42, 0.00, 0.00000152, 0.00000193
trial0000372, GVWY, 186, 6, 31.00, 0.00, 0.00000217, 0.00000024, ZIP, 1032, 34, 30.35, 0.00, 0.00000251, 0.00000174
trial0000373, GVWY, 254.5, 6, 42.42, 1.00, 0.00000160, 0.00000025, ZIP, 1178.5, 34, 34.66, 0.00, 0.00000156, 0.00000187
trial0000374, GVWY, 91.5, 6, 15.25, 1.00, 0.00000183, 0.00000034, ZIP, 1429.5, 34, 42.04, 1.00, 0.00000157, 0.00000205
trial0000375, GVWY, 154, 6, 25.67, 1.00, 0.00000149, 0.00000025, ZIP, 956, 34, 28.12, 0.00, 0.00000155, 0.00000174
trial0000376, GVWY, 257, 6, 42.83, 1.00, 0.00000161, 0.00000025, ZIP, 1143, 34, 33.62, 0.00, 0.00000163, 0.00000182
trial0000377, GVWY, 237.5, 6, 39.58, 1.00, 0.00000160, 0.00000023, ZIP, 897.5, 34, 26.40, 0.00, 0.00000149, 0.00000181
trial0000378, GVWY, 345, 6, 57.50, 1.00, 0.00000172, 0.00000026, ZIP, 1161, 34, 34.15, 0.00, 0.00000146, 0.00000177
trial0000379, GVWY, 94.5, 6, 15.75, 0.00, 0.00000176, 0.00000026, ZIP, 1057.5, 34, 31.10, 0.00, 0.00000149, 0.00000182
trial0000380, GVWY, 260.5, 6, 43.42, 1.00, 0.00000206, 0.00000025, ZIP, 1144.5, 34, 33.66, 0.00, 0.00000184, 0.00000188
trial0000381, GVWY, 251, 6, 41.83, 0.00, 0.00000167, 0.00000023, ZIP, 943, 34, 27.74, 0.00, 0.00000168, 0.00000192
trial0000382, GVWY, 122.5, 6, 20.42, 1.00, 0.00000204, 0.00000023, ZIP, 1050.5, 34, 30.90, 0.00, 0.00000155, 0.00000180
trial0000383, GVWY, 140.75, 6, 23.46, 1.00, 0.00000180, 0.00000023, ZIP, 1217.25, 34, 35.80, 0.00, 0.00000172, 0.00000184
trial0000384, GVWY, 217.75, 6, 36.29, 1.00, 0.00000166, 0.00000025, ZIP, 1063.25, 34, 31.27, 0.00, 0.00000165, 0.00000191
trial0000385, GVWY, 212.5, 6, 35.42, 1.00, 0.00000182, 0.00000026, ZIP, 1364.5, 34, 40.13, 0.00, 0.00000171, 0.00000196
trial0000386, GVWY, 144.75, 6, 24.12, 1.00, 0.00000168, 0.00000025, ZIP, 1192.25, 34, 35.07, 0.00, 0.00000151, 0.00000183
trial0000387, GVWY, 204.5, 6, 34.08, 1.00, 0.00000168, 0.00000026, ZIP, 916.5, 34, 26.96, 0.00, 0.00000152, 0.00000202
trial0000388, GVWY, 203.5, 6, 33.92, 1.00, 0.00000163, 0.00000024, ZIP, 1216.5, 34, 35.78, 0.00, 0.00000157, 0.00000174
trial0000389, GVWY, 205.5, 6, 34.25, 1.00, 0.00000177, 0.00000026, ZIP, 877.5, 34, 25.81, 0.00, 0.00000171, 0.00000185
trial0000390, GVWY, 197.5, 6, 32.92, 0.00, 0.00000222, 0.00000025, ZIP, 1361.5, 34, 40.04, 0.00, 0.00000172, 0.00000190
trial0000391, GVWY, 234.5, 6, 39.08, 1.00, 0.00000170, 0.00000025, ZIP, 871.5, 34, 25.63, 0.00, 0.00000203, 0.00000197
trial0000392, GVWY, 176, 6, 29.33, 1.00, 0.00000179, 0.00000024, ZIP, 974, 34, 28.65, 0.00, 0.00000156, 0.00000179
trial0000393, GVWY, 232.5, 6, 38.75, 1.00, 0.00000175, 0.00000024, ZIP, 1025.5, 34, 30.16, 0.00, 0.00000168, 0.00000204
trial0000394, GVWY, 232.5, 6, 38.75, 1.00, 0.00000165, 0.00000026, ZIP, 1259.5, 34, 37.04, 0.00, 0.00000154, 0.00000196
trial0000395, GVWY, 302, 6, 50.33, 1.00, 0.00000162, 0.00000025, ZIP, 950, 34, 27.94, 0.00, 0.00000168, 0.00000180
trial0000396, GVWY, 226, 6, 37.67, 1.00, 0.00000186, 0.00000023, ZIP, 1071, 34, 31.50, 0.00, 0.00000257, 0.00000174
trial0000397, GVWY, 304.5, 6, 50.75, 1.00, 0.00000167, 0.00000024, ZIP, 1266.5, 34, 37.25, 0.00, 0.00000149, 0.00000174
trial0000398, GVWY, 85.5, 6, 14.25, 0.00, 0.00000170, 0.00000026, ZIP, 1065.5, 34, 31.34, 0.00, 0.00000170, 0.00000200
trial0000399, GVWY, 183.5, 6, 30.58, 1.00, 0.00000176, 0.00000031, ZIP, 1183.5, 34, 34.81, 0.00, 0.00000161, 0.00000182
trial0000400, GVWY, 147.75, 6, 24.62, 1.00, 0.00000161, 0.00000024, ZIP, 1229.25, 34, 36.15, 1.00, 0.00000161, 0.00000180
trial0000401, GVWY, 224, 6, 37.33, 1.00, 0.00000151, 0.00000026, ZIP, 1051, 34, 30.91, 0.00, 0.00000147, 0.00000184
trial0000402, GVWY, 117.75, 6, 19.62, 0.00, 0.00000196, 0.00000026, ZIP, 1008.25, 34, 29.65, 0.00, 0.00000163, 0.00000180
trial0000403, GVWY, 46.5, 6, 7.75, 0.00, 0.00000169, 0.00000131, ZIP, 927.5, 34, 27.28, 0.00, 0.00000144, 0.00000374
trial0000404, GVWY, 253.75, 6, 42.29, 1.00, 0.00000150, 0.00000022, ZIP, 1452.25, 34, 42.71, 0.00, 0.00000142, 0.00000181
trial0000405, GVWY, 146, 6, 24.33, 1.00, 0.00000195, 0.00000019, ZIP, 1343, 34, 39.50, 0.00, 0.00000153, 0.00000169
trial0000406, GVWY, 135.25, 6, 22.54, 0.00, 0.00000184, 0.00000025, ZIP, 1466.75, 34, 43.14, 0.00, 0.00000169, 0.00000179
trial0000407, GVWY, 148.5, 6, 24.75, 1.00, 0.00000175, 0.00000024, ZIP, 1049.5, 34, 30.87, 0.00, 0.00000145, 0.00000183
trial0000408, GVWY, 309.5, 6, 51.58, 1.00, 0.00000188, 0.00000027, ZIP, 1274.5, 34, 37.49, 1.00, 0.00000154, 0.00000175
trial0000409, GVWY, 209.5, 6, 34.92, 1.00, 0.00000154, 0.00000023, ZIP, 910.5, 34, 26.78, 0.00, 0.00000144, 0.00000175
trial0000410, GVWY, 158.75, 6, 26.46, 1.00, 0.00000274, 0.00000024, ZIP, 854.25, 34, 25.12, 0.00, 0.00000147, 0.00000189
trial0000411, GVWY, 83.5, 6, 13.92, 0.00, 0.00000175, 0.00000024, ZIP, 1148.5, 34, 33.78, 0.00, 0.00000172, 0.00000184
trial0000412, GVWY, 173.5, 6, 28.92, 1.00, 0.00000177, 0.00000026, ZIP, 916.5, 34, 26.96, 0.00, 0.00000174, 0.00000181
trial0000413, GVWY, 171.25, 6, 28.54, 1.00, 0.00000186, 0.00000026, ZIP, 1235.75, 34, 36.35, 0.00, 0.00000161, 0.00000188
trial0000414, GVWY, 198, 6, 33.00, 1.00, 0.00000174, 0.00000024, ZIP, 810, 34, 23.82, 0.00, 0.00000165, 0.00000190
trial0000415, GVWY, 150.5, 6, 25.08, 1.00, 0.00000171, 0.00000027, ZIP, 1280.5, 34, 37.66, 0.00, 0.00000152, 0.00000176
trial0000416, GVWY, 261.25, 6, 43.54, 1.00, 0.00000162, 0.00000026, ZIP, 1318.75, 34, 38.79, 0.00, 0.00000169, 0.00000187
trial0000417, GVWY, 185.5, 6, 30.92, 1.00, 0.00000307, 0.00000027, ZIP, 1102.5, 34, 32.43, 0.00, 0.00000155, 0.00000183
trial0000418, GVWY, 178.25, 6, 29.71, 0.00, 0.00000165, 0.00000024, ZIP, 1114.75, 34, 32.79, 0.00, 0.00000256, 0.00000184
trial0000419, GVWY, 86.5, 6, 14.42, 0.00, 0.00000294, 0.00000021, ZIP, 556.5, 34, 16.37, 0.00, 0.00000147, 0.00000314
trial0000420, GVWY, 107.5, 6, 17.92, 0.00, 0.00000177, 0.00000025, ZIP, 1422.5, 34, 41.84, 0.00, 0.00000160, 0.00000188
trial0000421, GVWY, 255.5, 6, 42.58, 1.00, 0.00000158, 0.00000022, ZIP, 1313.5, 34, 38.63, 0.00, 0.00000155, 0.00000179
trial0000422, GVWY, 115, 6, 19.17, 1.00, 0.00000181, 0.00000025, ZIP, 915, 34, 26.91, 0.00, 0.00000161, 0.00000187
trial0000423, GVWY, 185, 6, 30.83, 0.00, 0.00000164, 0.00000023, ZIP, 1017, 34, 29.91, 0.00, 0.00000169, 0.00000185
trial0000424, GVWY, 203.25, 6, 33.88, 1.00, 0.00000208, 0.00000026, ZIP, 1417.75, 34, 41.70, 1.00, 0.00000209, 0.00000178
trial0000425, GVWY, 222, 6, 37.00, 0.00, 0.00000165, 0.00000026, ZIP, 923, 34, 27.15, 0.00, 0.00000162, 0.00000191
trial0000426, GVWY, 181.25, 6, 30.21, 0.00, 0.00000163, 0.00000029, ZIP, 871.75, 34, 25.64, 0.00, 0.00000167, 0.00000200
trial0000427, GVWY, 220, 6, 36.67, 1.00, 0.00000175, 0.00000026, ZIP, 884, 34, 26.00, 0.00, 0.00000153, 0.00000178
trial0000428, GVWY, 158, 6, 26.33, 0.00, 0.00000206, 0.00000027, ZIP, 1163, 34, 34.21, 0.00, 0.00000141, 0.00000190
trial0000429, GVWY, 117, 6, 19.50, 0.00, 0.00000166, 0.00000024, ZIP, 791, 34, 23.26, 0.00, 0.00000231, 0.00000207
trial0000430, GVWY, 159.5, 6, 26.58, 0.00, 0.00000178, 0.00000025, ZIP, 958.5, 34, 28.19, 0.00, 0.00000155, 0.00000190
trial0000431, GVWY, 174, 6, 29.00, 1.00, 0.00000163, 0.00000026, ZIP, 694, 34, 20.41, 0.00, 0.00000163, 0.00000207
trial0000432, GVWY, 183.5, 6, 30.58, 1.00, 0.00000205, 0.00000021, ZIP, 1068.5, 34, 31.43, 0.00, 0.00000148, 0.00000175
trial0000433, GVWY, 214.5, 6, 35.75, 1.00, 0.00000138, 0.00000028, ZIP, 806.5, 34, 23.72, 0.00, 0.00000163, 0.00000183
trial0000434, GVWY, 76, 6, 12.67, 1.00, 0.00000159, 0.00000026, ZIP, 1118, 34, 32.88, 0.00, 0.00000161, 0.00000178
trial0000435, GVWY, 214.25, 6, 35.71, 1.00, 0.00000192, 0.00000030, ZIP, 1369.75, 34, 40.29, 1.00, 0.00000172, 0.00000193
trial0000436, GVWY, 57.75, 6, 9.62, 0.00, 0.00000185, 0.00000053, ZIP, 933.25, 34, 27.45, 0.00, 0.00000145, 0.00000200
trial0000437, GVWY, 364.75, 6, 60.79, 1.00, 0.00000197, 0.00000023, ZIP, 947.25, 34, 27.86, 0.00, 0.00000254, 0.00000187
trial0000438, GVWY, 120, 6, 20.00, 0.00, 0.00000623, 0.00000025, ZIP, 881, 34, 25.91, 0.00, 0.00000149, 0.00000182
trial0000439, GVWY, 218, 6, 36.33, 0.00, 0.00000167, 0.00000026, ZIP, 843, 34, 24.79, 0.00, 0.00000156, 0.00000184
trial0000440, GVWY, 339.5, 6, 56.58, 1.00, 0.00000242, 0.00000023, ZIP, 1114.5, 34, 32.78, 0.00, 0.00000161, 0.00000174
trial0000441, GVWY, 196.75, 6, 32.79, 1.00, 0.00000163, 0.00000025, ZIP, 928.25, 34, 27.30, 0.00, 0.00000159, 0.00000177
trial0000442, GVWY, 160.5, 6, 26.75, 0.00, 0.00000239, 0.00000026, ZIP, 1201.5, 34, 35.34, 0.00, 0.00000175, 0.00000195
trial0000443, GVWY, 210, 6, 35.00, 1.00, 0.00000180, 0.00000023, ZIP, 1024, 34, 30.12, 0.00, 0.00000150, 0.00000180
trial0000444, GVWY, 234, 6, 39.00, 1.00, 0.00000162, 0.00000035, ZIP, 1297, 34, 38.15, 0.00, 0.00000169, 0.00000192
trial0000445, GVWY, 181.5, 6, 30.25, 1.00, 0.00000173, 0.00000026, ZIP, 1214.5, 34, 35.72, 0.00, 0.00000168, 0.00000215
trial0000446, GVWY, 213.75, 6, 35.62, 1.00, 0.00000226, 0.00000023, ZIP, 736.25, 34, 21.65, 0.00, 0.00000155, 0.00000189
trial0000447, GVWY, 149, 6, 24.83, 1.00, 0.00000171, 0.00000024, ZIP, 809, 34, 23.79, 0.00, 0.00000149, 0.00000181
trial0000448, GVWY, 47.5, 6, 7.92, 0.00, 0.00000176, 0.00000022, ZIP, 1183.5, 34, 34.81, 0.00, 0.00000149, 0.00000185
trial0000449, GVWY, 59.5, 6, 9.92, 0.00, 0.00000176, 0.00000025, ZIP, 945.5, 34, 27.81, 0.00, 0.00000159, 0.00000181
trial0000450, GVWY, 153, 6, 25.50, 0.00, 0.00000204, 0.00000026, ZIP, 1220, 34, 35.88, 0.00, 0.00000157, 0.00000187
trial0000451, GVWY, 332.5, 6, 55.42, 1.00, 0.00000150, 0.00000023, ZIP, 824.5, 34, 24.25, 0.00, 0.00000182, 0.00000198
trial0000452, GVWY, 177.75, 6, 29.62, 1.00, 0.00000182, 0.00000023, ZIP, 647.25, 34, 19.04, 0.00, 0.00000146, 0.00000175
trial0000453, GVWY, 223.75, 6, 37.29, 1.00, 0.00000170, 0.00000025, ZIP, 775.25, 34, 22.80, 0.00, 0.00000158, 0.00000193
trial0000454, GVWY, 152.5, 6, 25.42, 1.00, 0.00000193, 0.00000028, ZIP, 1151.5, 34, 33.87, 0.00, 0.00000161, 0.00000185
trial0000455, GVWY, 271.5, 6, 45.25, 0.00, 0.00000175, 0.00000022, ZIP, 922.5, 34, 27.13, 0.00, 0.00000258, 0.00000172
trial0000456, GVWY, 365.5, 6, 60.92, 1.00, 0.00000165, 0.00000024, ZIP, 918.5, 34, 27.01, 0.00, 0.00000195, 0.00000180
trial0000457, GVWY, 195, 6, 32.50, 1.00, 0.00000162, 0.00000024, ZIP, 1316, 34, 38.71, 1.00, 0.00000192, 0.00000176
trial0000458, GVWY, 195, 6, 32.50, 1.00, 0.00000175, 0.00000025, ZIP, 1050, 34, 30.88, 0.00, 0.00000163, 0.00000173
trial0000459, GVWY, 219, 6, 36.50, 1.00, 0.00000163, 0.00000030, ZIP, 1185, 34, 34.85, 0.00, 0.00000163, 0.00000210
trial0000460, GVWY, 158, 6, 26.33, 0.00, 0.00000171, 0.00000026, ZIP, 1061, 34, 31.21, 0.00, 0.00000163, 0.00000195
trial0000461, GVWY, 136.25, 6, 22.71, 0.00, 0.00000163, 0.00000026, ZIP, 994.75, 34, 29.26, 0.00, 0.00000142, 0.00000181
trial0000462, GVWY, 200, 6, 33.33, 0.00, 0.00000170, 0.00000029, ZIP, 1318, 34, 38.76, 0.00, 0.00000166, 0.00000191
trial0000463, GVWY, 96.5, 6, 16.08, 0.00, 0.00000160, 0.00000028, ZIP, 1653.5, 34, 48.63, 0.00, 0.00000170, 0.00000197
trial0000464, GVWY, 160, 6, 26.67, 1.00, 0.00000158, 0.00000027, ZIP, 1158, 34, 34.06, 0.00, 0.00000167, 0.00000190
trial0000465, GVWY, 306, 6, 51.00, 1.00, 0.00000159, 0.00000028, ZIP, 788, 34, 23.18, 0.00, 0.00000146, 0.00000182
trial0000466, GVWY, 211, 6, 35.17, 1.00, 0.00000177, 0.00000026, ZIP, 966, 34, 28.41, 0.00, 0.00000157, 0.00000193
trial0000467, GVWY, 140.75, 6, 23.46, 1.00, 0.00000163, 0.00000024, ZIP, 1198.25, 34, 35.24, 1.00, 0.00000154, 0.00000174
trial0000468, GVWY, 200.5, 6, 33.42, 1.00, 0.00000184, 0.00000024, ZIP, 756.5, 34, 22.25, 0.00, 0.00000146, 0.00000182
trial0000469, GVWY, 255.25, 6, 42.54, 1.00, 0.00000284, 0.00000024, ZIP, 1113.75, 34, 32.76, 0.00, 0.00000169, 0.00000176
trial0000470, GVWY, 102, 6, 17.00, 1.00, 0.00000298, 0.00000025, ZIP, 1096, 34, 32.24, 0.00, 0.00000153, 0.00000176
trial0000471, GVWY, 175.5, 6, 29.25, 0.00, 0.00000165, 0.00000021, ZIP, 1232.5, 34, 36.25, 0.00, 0.00000156, 0.00000169
trial0000472, GVWY, 168, 6, 28.00, 0.00, 0.00000179, 0.00000025, ZIP, 1040, 34, 30.59, 0.00, 0.00000158, 0.00000226
trial0000473, GVWY, 376.75, 6, 62.79, 1.00, 0.00000159, 0.00000025, ZIP, 982.25, 34, 28.89, 0.00, 0.00000155, 0.00000182
trial0000474, GVWY, 70.5, 6, 11.75, 1.00, 0.00000157, 0.00000023, ZIP, 1290.5, 34, 37.96, 0.00, 0.00000184, 0.00000176
trial0000475, GVWY, 240, 6, 40.00, 1.00, 0.00000164, 0.00000025, ZIP, 1149, 34, 33.79, 0.00, 0.00000148, 0.00000183
trial0000476, GVWY, 108, 6, 18.00, 0.00, 0.00000209, 0.00000026, ZIP, 1007, 34, 29.62, 0.00, 0.00000155, 0.00000192
trial0000477, GVWY, 208.5, 6, 34.75, 1.00, 0.00000169, 0.00000025, ZIP, 1314.5, 34, 38.66, 0.00, 0.00000177, 0.00000175
trial0000478, GVWY, 28, 6, 4.67, 0.00, 0.00000729, 0.00000027, ZIP, 938, 34, 27.59, 0.00, 0.00000160, 0.00000187
trial0000479, GVWY, 142, 6, 23.67, 1.00, 0.00000161, 0.00000023, ZIP, 1066, 34, 31.35, 0.00, 0.00000155, 0.00000171
trial0000480, GVWY, 240.5, 6, 40.08, 0.00, 0.00000181, 0.00000025, ZIP, 1382.5, 34, 40.66, 0.00, 0.00000194, 0.00000180
trial0000481, GVWY, 412.5, 6, 68.75, 1.00, 0.00000191, 0.00000024, ZIP, 1052.5, 34, 30.96, 0.00, 0.00000159, 0.00000182
trial0000482, GVWY, 196.5, 6, 32.75, 1.00, 0.00000169, 0.00000027, ZIP, 945.5, 34, 27.81, 0.00, 0.00000161, 0.00000177
trial0000483, GVWY, 209, 6, 34.83, 1.00, 0.00000160, 0.00000022, ZIP, 856, 34, 25.18, 0.00, 0.00000199, 0.00000198
trial0000484, GVWY, 241, 6, 40.17, 1.00, 0.00000196, 0.00000026, ZIP, 899, 34, 26.44, 0.00, 0.00000185, 0.00000191
trial0000485, GVWY, 216.5, 6, 36.08, 1.00, 0.00000165, 0.00000022, ZIP, 1074.5, 34, 31.60, 0.00, 0.00000151, 0.00000175
trial0000486, GVWY, 225, 6, 37.50, 1.00, 0.00000186, 0.00000028, ZIP, 1099, 34, 32.32, 0.00, 0.00000148, 0.00000183
trial0000487, GVWY, 229.5, 6, 38.25, 1.00, 0.00000189, 0.00000024, ZIP, 939.5, 34, 27.63, 0.00, 0.00000143, 0.00000186
trial0000488, GVWY, 46.5, 6, 7.75, 0.00, 0.00000171, 0.00000026, ZIP, 1291.5, 34, 37.99, 0.00, 0.00000154, 0.00000175
trial0000489, GVWY, 93, 6, 15.50, 1.00, 0.00000175, 0.00000028, ZIP, 885, 34, 26.03, 0.00, 0.00000168, 0.00000197
trial0000490, GVWY, 169, 6, 28.17, 1.00, 0.00000235, 0.00000023, ZIP, 869, 34, 25.56, 0.00, 0.00000150, 0.00000172
trial0000491, GVWY, 240.75, 6, 40.12, 1.00, 0.00000170, 0.00000025, ZIP, 1302.25, 34, 38.30, 0.00, 0.00000159, 0.00000175
trial0000492, GVWY, 206, 6, 34.33, 1.00, 0.00000209, 0.00000023, ZIP, 1328, 34, 39.06, 0.00, 0.00000167, 0.00000180
trial0000493, GVWY, 118.5, 6, 19.75, 1.00, 0.00000155, 0.00000029, ZIP, 978.5, 34, 28.78, 0.00, 0.00000143, 0.00000173
trial0000494, GVWY, 217.75, 6, 36.29, 0.00, 0.00000202, 0.00000032, ZIP, 1130.25, 34, 33.24, 0.00, 0.00000171, 0.00000185
trial0000495, GVWY, 245, 6, 40.83, 1.00, 0.00000180, 0.00000024, ZIP, 879, 34, 25.85, 0.00, 0.00000151, 0.00000185
trial0000496, GVWY, 115.5, 6, 19.25, 1.00, 0.00000188, 0.00000026, ZIP, 1166.5, 34, 34.31, 0.00, 0.00000158, 0.00000182
trial0000497, GVWY, 218, 6, 36.33, 0.00, 0.00000160, 0.00000024, ZIP, 747, 34, 21.97, 0.00, 0.00000148, 0.00000178
trial0000498, GVWY, 267.5, 6, 44.58, 1.00, 0.00000155, 0.00000026, ZIP, 1093.5, 34, 32.16, 0.00, 0.00000153, 0.00000199
trial0000499, GVWY, 208, 6, 34.67, 1.00, 0.00000165, 0.00000028, ZIP, 835, 34, 24.56, 0.00, 0.00000250, 0.00000194
trial0000500, GVWY, 299.5, 6, 49.92, 1.00, 0.00000160, 0.00000024, ZIP, 850.5, 34, 25.01, 0.00, 0.00000161, 0.00000190
trial0000501, GVWY, 231.5, 6, 38.58, 1.00, 0.00000162, 0.00000029, ZIP, 1302.5, 34, 38.31, 0.00, 0.00000198, 0.00000177
trial0000502, GVWY, 351.5, 6, 58.58, 1.00, 0.00000153, 0.00000025, ZIP, 1138.5, 34, 33.49, 0.00, 0.00000156, 0.00000186
trial0000503, GVWY, 187.5, 6, 31.25, 0.00, 0.00000148, 0.00000024, ZIP, 993.5, 34, 29.22, 0.00, 0.00000153, 0.00000186
trial0000504, GVWY, 84, 6, 14.00, 0.00, 0.00000178, 0.00000024, ZIP, 943, 34, 27.74, 0.00, 0.00000147, 0.00000180
trial0000505, GVWY, 103.5, 6, 17.25, 0.00, 0.00000154, 0.00000024, ZIP, 1211.5, 34, 35.63, 0.00, 0.00000152, 0.00000182
trial0000506, GVWY, 301.5, 6, 50.25, 1.00, 0.00000153, 0.00000024, ZIP, 1048.5, 34, 30.84, 0.00, 0.00000171, 0.00000208
trial0000507, GVWY, 241.5, 6, 40.25, 0.00, 0.00000156, 0.00000025, ZIP, 918.5, 34, 27.01, 0.00, 0.00000171, 0.00000198
trial0000508, GVWY, 252, 6, 42.00, 1.00, 0.00000163, 0.00000024, ZIP, 1059, 34, 31.15, 0.00, 0.00000142, 0.00000177
trial0000509, GVWY, 188.75, 6, 31.46, 1.00, 0.00000205, 0.00000025, ZIP, 1161.25, 34, 34.15, 0.00, 0.00000293, 0.00000227
trial0000510, GVWY, 110, 6, 18.33, 1.00, 0.00000227, 0.00001116, ZIP, 830, 34, 24.41, 0.00, 0.00000430, 0.00002097
trial0000511, GVWY, 200.5, 6, 33.42, 1.00, 0.00000190, 0.00000049, ZIP, 833.5, 34, 24.51, 0.00, 0.00000166, 0.00000639
trial0000512, GVWY, 104.5, 6, 17.42, 1.00, 0.00000162, 0.00000078, ZIP, 1332.5, 34, 39.19, 1.00, 0.00000150, 0.00000216
trial0000513, GVWY, 155, 6, 25.83, 1.00, 0.00000159, 0.00000023, ZIP, 1397, 34, 41.09, 1.00, 0.00000175, 0.00000184
trial0000514, GVWY, 277, 6, 46.17, 2.00, 0.00000155, 0.00000024, ZIP, 931, 34, 27.38, 0.00, 0.00000161, 0.00000177
trial0000515, GVWY, 86.75, 6, 14.46, 1.00, 0.00000182, 0.00000024, ZIP, 1151.25, 34, 33.86, 0.00, 0.00000149, 0.00000180
trial0000516, GVWY, 46.5, 6, 7.75, 0.00, 0.00000165, 0.00000024, ZIP, 913.5, 34, 26.87, 0.00, 0.00000145, 0.00000189
trial0000517, GVWY, 119, 6, 19.83, 1.00, 0.00000175, 0.00000025, ZIP, 1264, 34, 37.18, 0.00, 0.00000142, 0.00000174
trial0000518, GVWY, 41, 6, 6.83, 0.00, 0.00000181, 0.00000023, ZIP, 1095, 34, 32.21, 0.00, 0.00000155, 0.00000191
trial0000519, GVWY, 51.5, 6, 8.58, 0.00, 0.00000175, 0.00000025, ZIP, 1006.5, 34, 29.60, 0.00, 0.00000167, 0.00000182
trial0000520, GVWY, 114.5, 6, 19.08, 0.00, 0.00000162, 0.00000024, ZIP, 1293.5, 34, 38.04, 0.00, 0.00000154, 0.00000171
trial0000521, GVWY, 338.5, 6, 56.42, 1.00, 0.00000171, 0.00000029, ZIP, 987.5, 34, 29.04, 0.00, 0.00000146, 0.00000178
trial0000522, GVWY, 144.75, 6, 24.12, 0.00, 0.00000166, 0.00000026, ZIP, 1153.25, 34, 33.92, 0.00, 0.00000157, 0.00000176
trial0000523, GVWY, 267.75, 6, 44.62, 1.00, 0.00000170, 0.00000025, ZIP, 899.25, 34, 26.45, 0.00, 0.00000144, 0.00000173
trial0000524, GVWY, 197, 6, 32.83, 1.00, 0.00000157, 0.00000024, ZIP, 963, 34, 28.32, 0.00, 0.00000152, 0.00000191
trial0000525, GVWY, 212, 6, 35.33, 0.00, 0.00000178, 0.00000020, ZIP, 1165, 34, 34.26, 0.00, 0.00000151, 0.00000173
trial0000526, GVWY, 102.5, 6, 17.08, 1.00, 0.00000178, 0.00000024, ZIP, 1204.5, 34, 35.43, 0.00, 0.00000145, 0.00000187
trial0000527, GVWY, 170, 6, 28.33, 0.00, 0.00000166, 0.00000025, ZIP, 948, 34, 27.88, 0.00, 0.00000153, 0.00000180
trial0000528, GVWY, 243, 6, 40.50, 1.00, 0.00000190, 0.00000033, ZIP, 1115, 34, 32.79, 0.00, 0.00000167, 0.00000199
trial0000529, GVWY, 64, 6, 10.67, 0.00, 0.00000166, 0.00000021, ZIP, 776, 34, 22.82, 0.00, 0.00000195, 0.00000195
trial0000530, GVWY, 83, 6, 13.83, 0.00, 0.00000163, 0.00000022, ZIP, 1157, 34, 34.03, 0.00, 0.00000171, 0.00000179
trial0000531, GVWY, 174, 6, 29.00, 1.00, 0.00000165, 0.00000023, ZIP, 1029, 34, 30.26, 0.00, 0.00000151, 0.00000183
trial0000532, GVWY, 270, 6, 45.00, 1.00, 0.00000207, 0.00000028, ZIP, 1174, 34, 34.53, 0.00, 0.00000150, 0.00000174
trial0000533, GVWY, 143.75, 6, 23.96, 1.00, 0.00000170, 0.00000025, ZIP, 1030.25, 34, 30.30, 0.00, 0.00000155, 0.00000181
trial0000534, GVWY, 262, 6, 43.67, 1.00, 0.00000198, 0.00000026, ZIP, 1428, 34, 42.00, 0.00, 0.00000546, 0.00000170
trial0000535, GVWY, 71, 6, 11.83, 1.00, 0.00000167, 0.00000024, ZIP, 1449, 34, 42.62, 1.00, 0.00000157, 0.00000167
trial0000536, GVWY, 230.5, 6, 38.42, 1.00, 0.00000163, 0.00000027, ZIP, 959.5, 34, 28.22, 0.00, 0.00000159, 0.00000196
trial0000537, GVWY, 231, 6, 38.50, 1.00, 0.00000172, 0.00000026, ZIP, 1450, 34, 42.65, 0.00, 0.00000165, 0.00000193
trial0000538, GVWY, 215, 6, 35.83, 0.00, 0.00000183, 0.00000023, ZIP, 1080, 34, 31.76, 0.00, 0.00000154, 0.00000171
trial0000539, GVWY, 154.75, 6, 25.79, 0.00, 0.00000159, 0.00000026, ZIP, 1122.25, 34, 33.01, 0.00, 0.00000162, 0.00000191
trial0000540, GVWY, 173, 6, 28.83, 1.00, 0.00000159, 0.00000023, ZIP, 1384, 34, 40.71, 0.00, 0.00000144, 0.00000173
trial0000541, GVWY, 219.5, 6, 36.58, 1.00, 0.00000170, 0.00000031, ZIP, 1353.5, 34, 39.81, 0.00, 0.00000186, 0.00000182
trial0000542, GVWY, 299, 6, 49.83, 1.00, 0.00000167, 0.00000026, ZIP, 901, 34, 26.50, 0.00, 0.00000264, 0.00000278
trial0000543, GVWY, 339.75, 6, 56.62, 1.00, 0.00000157, 0.00000022, ZIP, 1038.25, 34, 30.54, 0.00, 0.00000152, 0.00000172
trial0000544, GVWY, 86.5, 6, 14.42, 0.00, 0.00000157, 0.00000023, ZIP, 1091.5, 34, 32.10, 0.00, 0.00000159, 0.00000180
trial0000545, GVWY, 270, 6, 45.00, 1.00, 0.00000507, 0.00000032, ZIP, 1298, 34, 38.18, 0.00, 0.00000151, 0.00000197
trial0000546, GVWY, 245, 6, 40.83, 1.00, 0.00000154, 0.00000029, ZIP, 1056, 34, 31.06, 0.00, 0.00000155, 0.00000184
trial0000547, GVWY, 336.75, 6, 56.12, 1.00, 0.00000163, 0.00000024, ZIP, 899.25, 34, 26.45, 0.00, 0.00000171, 0.00000185
trial0000548, GVWY, 114, 6, 19.00, 0.00, 0.00000170, 0.00000026, ZIP, 896, 34, 26.35, 0.00, 0.00000167, 0.00000193
trial0000549, GVWY, 252.75, 6, 42.12, 1.00, 0.00000171, 0.00000024, ZIP, 1272.25, 34, 37.42, 0.00, 0.00000174, 0.00000177
trial0000550, GVWY, 271.5, 6, 45.25, 1.00, 0.00000178, 0.00000023, ZIP, 940.5, 34, 27.66, 0.00, 0.00000149, 0.00000175
trial0000551, GVWY, 169.75, 6, 28.29, 1.00, 0.00000184, 0.00000025, ZIP, 1124.25, 34, 33.07, 0.00, 0.00000162, 0.00000182
trial0000552, GVWY, 187, 6, 31.17, 1.00, 0.00000188, 0.00000029, ZIP, 823, 34, 24.21, 0.00, 0.00000155, 0.00000209
trial0000553, GVWY, 84.25, 6, 14.04, 0.00, 0.00000175, 0.00000027, ZIP, 1325.75, 34, 38.99, 0.00, 0.00000153, 0.00000190
trial0000554, GVWY, 241.75, 6, 40.29, 1.00, 0.00000148, 0.00000026, ZIP, 1158.25, 34, 34.07, 0.00, 0.00000152, 0.00000189
trial0000555, GVWY, 197, 6, 32.83, 0.00, 0.00000168, 0.00000025, ZIP, 1253, 34, 36.85, 0.00, 0.00000170, 0.00000178
trial0000556, GVWY, 54.5, 6, 9.08, 0.00, 0.00000172, 0.00000023, ZIP, 724.5, 34, 21.31, 0.00, 0.00000151, 0.00000182
trial0000557, GVWY, 323.5, 6, 53.92, 1.00, 0.00000163, 0.00000027, ZIP, 880.5, 34, 25.90, 0.00, 0.00000169, 0.00000179
trial0000558, GVWY, 224, 6, 37.33, 1.00, 0.00000165, 0.00000027, ZIP, 1183, 34, 34.79, 0.00, 0.00000166, 0.00000173
trial0000559, GVWY, 178.75, 6, 29.79, 0.00, 0.00000189, 0.00000030, ZIP, 1160.25, 34, 34.12, 0.00, 0.00000175, 0.00000190
trial0000560, GVWY, 76.5, 6, 12.75, 1.00, 0.00000276, 0.00000027, ZIP, 1062.5, 34, 31.25, 0.00, 0.00000178, 0.00000206
trial0000561, GVWY, 191, 6, 31.83, 1.00, 0.00000207, 0.00000078, ZIP, 1225, 34, 36.03, 0.00, 0.00000172, 0.00000233
trial0000562, GVWY, 133.5, 6, 22.25, 0.00, 0.00000181, 0.00000027, ZIP, 1161.5, 34, 34.16, 0.00, 0.00000195, 0.00000207
trial0000563, GVWY, 189, 6, 31.50, 1.00, 0.00000221, 0.00000025, ZIP, 1515, 34, 44.56, 0.00, 0.00000191, 0.00000178
trial0000564, GVWY, 53.5, 6, 8.92, 0.00, 0.00000197, 0.00000028, ZIP, 1333.5, 34, 39.22, 0.00, 0.00000191, 0.00000191
trial0000565, GVWY, 187, 6, 31.17, 1.00, 0.00000168, 0.00000027, ZIP, 869, 34, 25.56, 0.00, 0.00000160, 0.00000189
trial0000566, GVWY, 235, 6, 39.17, 1.00, 0.00000172, 0.00000031, ZIP, 1068, 34, 31.41, 0.00, 0.00000145, 0.00000187
trial0000567, GVWY, 195.5, 6, 32.58, 1.00, 0.00000162, 0.00000030, ZIP, 859.5, 34, 25.28, 0.00, 0.00000147, 0.00000181
trial0000568, GVWY, 189.25, 6, 31.54, 1.00, 0.00000158, 0.00000025, ZIP, 1210.75, 34, 35.61, 0.00, 0.00000189, 0.00000189
trial0000569, GVWY, 246, 6, 41.00, 1.00, 0.00000167, 0.00000025, ZIP, 1286, 34, 37.82, 0.00, 0.00000179, 0.00000185
trial0000570, GVWY, 214, 6, 35.67, 1.00, 0.00000159, 0.00000031, ZIP, 1017, 34, 29.91, 0.00, 0.00000159, 0.00000182
trial0000571, GVWY, 189.75, 6, 31.62, 1.00, 0.00000166, 0.00000023, ZIP, 1261.25, 34, 37.10, 0.00, 0.00000161, 0.00000178
trial0000572, GVWY, 180, 6, 30.00, 0.00, 0.00000189, 0.00000026, ZIP, 1398, 34, 41.12, 0.00, 0.00000176, 0.00000194
trial0000573, GVWY, 150.25, 6, 25.04, 0.00, 0.00000308, 0.00000022, ZIP, 1194.75, 34, 35.14, 0.00, 0.00000144, 0.00000174
trial0000574, GVWY, 213, 6, 35.50, 1.00, 0.00000167, 0.00000026, ZIP, 868, 34, 25.53, 0.00, 0.00000158, 0.00000199
trial0000575, GVWY, 236.25, 6, 39.38, 1.00, 0.00000146, 0.00000024, ZIP, 1160.75, 34, 34.14, 0.00, 0.00000153, 0.00000184
trial0000576, GVWY, 324.5, 6, 54.08, 1.00, 0.00000171, 0.00000026, ZIP, 958.5, 34, 28.19, 0.00, 0.00000172, 0.00000182
trial0000577, GVWY, 150.5, 6, 25.08, 0.00, 0.00000191, 0.00000026, ZIP, 1142.5, 34, 33.60, 0.00, 0.00000162, 0.00000182
trial0000578, GVWY, 237.5, 6, 39.58, 1.00, 0.00000156, 0.00000024, ZIP, 1288.5, 34, 37.90, 0.00, 0.00000144, 0.00000179
trial0000579, GVWY, 177, 6, 29.50, 0.00, 0.00000159, 0.00000050, ZIP, 1205, 34, 35.44, 0.00, 0.00000158, 0.00000183
trial0000580, GVWY, 255, 6, 42.50, 1.00, 0.00000190, 0.00000148, ZIP, 1547, 34, 45.50, 1.00, 0.00000153, 0.00000352
trial0000581, GVWY, 240, 6, 40.00, 1.00, 0.00000143, 0.00000023, ZIP, 998, 34, 29.35, 0.00, 0.00000157, 0.00000176
trial0000582, GVWY, 331.5, 6, 55.25, 1.00, 0.00000171, 0.00000028, ZIP, 593.5, 34, 17.46, 0.00, 0.00000141, 0.00000192
trial0000583, GVWY, 202.25, 6, 33.71, 1.00, 0.00000149, 0.00000022, ZIP, 1346.75, 34, 39.61, 1.00, 0.00000150, 0.00000169
trial0000584, GVWY, 119, 6, 19.83, 0.00, 0.00000174, 0.00000030, ZIP, 1094, 34, 32.18, 0.00, 0.00000146, 0.00000181
trial0000585, GVWY, 289.5, 6, 48.25, 1.00, 0.00000151, 0.00000026, ZIP, 1109.5, 34, 32.63, 0.00, 0.00000160, 0.00000177
trial0000586, GVWY, 211.5, 6, 35.25, 1.00, 0.00000182, 0.00000026, ZIP, 1250.5, 34, 36.78, 0.00, 0.00000178, 0.00000204
trial0000587, GVWY, 229, 6, 38.17, 1.00, 0.00000214, 0.00000024, ZIP, 1133, 34, 33.32, 0.00, 0.00000152, 0.00000176
trial0000588, GVWY, 170, 6, 28.33, 1.00, 0.00000160, 0.00000024, ZIP, 1385, 34, 40.74, 0.00, 0.00000173, 0.00000177
trial0000589, GVWY, 246, 6, 41.00, 1.00, 0.00000162, 0.00000025, ZIP, 898, 34, 26.41, 0.00, 0.00000140, 0.00000183
trial0000590, GVWY, 128.5, 6, 21.42, 0.00, 0.00000165, 0.00000024, ZIP, 1057.5, 34, 31.10, 0.00, 0.00000141, 0.00000176
trial0000591, GVWY, 165.75, 6, 27.62, 0.00, 0.00000168, 0.00000027, ZIP, 702.25, 34, 20.65, 0.00, 0.00000191, 0.00000210
trial0000592, GVWY, 101, 6, 16.83, 0.00, 0.00000143, 0.00000023, ZIP, 1157, 34, 34.03, 0.00, 0.00000154, 0.00000177
trial0000593, GVWY, 207.5, 6, 34.58, 1.00, 0.00000160, 0.00000024, ZIP, 701.5, 34, 20.63, 0.00, 0.00000154, 0.00000180
trial0000594, GVWY, 112.5, 6, 18.75, 0.00, 0.00000154, 0.00000021, ZIP, 1044.5, 34, 30.72, 0.00, 0.00000146, 0.00000171
trial0000595, GVWY, 155, 6, 25.83, 1.00, 0.00000164, 0.00000025, ZIP, 1125, 34, 33.09, 0.00, 0.00000145, 0.00000195
trial0000596, GVWY, 189, 6, 31.50, 1.00, 0.00000173, 0.00000024, ZIP, 1091, 34, 32.09, 0.00, 0.00000152, 0.00000172
trial0000597, GVWY, 163.25, 6, 27.21, 1.00, 0.00000159, 0.00000027, ZIP, 1272.75, 34, 37.43, 0.00, 0.00000169, 0.00000179
trial0000598, GVWY, 193, 6, 32.17, 1.00, 0.00000163, 0.00000020, ZIP, 1001, 34, 29.44, 0.00, 0.00000147, 0.00000177
trial0000599, GVWY, 153.5, 6, 25.58, 0.00, 0.00000152, 0.00000022, ZIP, 982.5, 34, 28.90, 0.00, 0.00000161, 0.00000181
trial0000600, GVWY, 189, 6, 31.50, 0.00, 0.00000149, 0.00000022, ZIP, 973, 34, 28.62, 0.00, 0.00000153, 0.00000179
trial0000601, GVWY, 118.5, 6, 19.75, 1.00, 0.00000158, 0.00000022, ZIP, 1010.5, 34, 29.72, 0.00, 0.00000151, 0.00000186
trial0000602, GVWY, 243, 6, 40.50, 1.00, 0.00000154, 0.00000026, ZIP, 933, 34, 27.44, 0.00, 0.00000154, 0.00000196
trial0000603, GVWY, 109.5, 6, 18.25, 1.00, 0.00000154, 0.00000025, ZIP, 1126.5, 34, 33.13, 0.00, 0.00000151, 0.00000180
trial0000604, GVWY, 324.25, 6, 54.04, 1.00, 0.00000150, 0.00000025, ZIP, 1028.75, 34, 30.26, 0.00, 0.00000172, 0.00000177
trial0000605, GVWY, 161, 6, 26.83, 1.00, 0.00000192, 0.00000035, ZIP, 1162, 34, 34.18, 0.00, 0.00000157, 0.00000241
trial0000606, GVWY, 244.75, 6, 40.79, 1.00, 0.00000161, 0.00000027, ZIP, 987.25, 34, 29.04, 0.00, 0.00000170, 0.00000172
trial0000607, GVWY, 175, 6, 29.17, 1.00, 0.00000176, 0.00000026, ZIP, 1346, 34, 39.59, 0.00, 0.00000198, 0.00000262
trial0000608, GVWY, 214.25, 6, 35.71, 0.00, 0.00000165, 0.00000025, ZIP, 888.75, 34, 26.14, 0.00, 0.00000160, 0.00000186
trial0000609, GVWY, 243.5, 6, 40.58, 1.00, 0.00000150, 0.00000025, ZIP, 1197.5, 34, 35.22, 0.00, 0.00000196, 0.00000179
trial0000610, GVWY, 212.25, 6, 35.38, 1.00, 0.00000163, 0.00000250, ZIP, 1511.75, 34, 44.46, 1.00, 0.00000151, 0.00000429
trial0000611, GVWY, 239.5, 6, 39.92, 1.00, 0.00000152, 0.00000026, ZIP, 805.5, 34, 23.69, 0.00, 0.00000169, 0.00000181
trial0000612, GVWY, 163.5, 6, 27.25, 1.00, 0.00000162, 0.00000029, ZIP, 1053.5, 34, 30.99, 0.00, 0.00000158, 0.00000192
trial0000613, GVWY, 278, 6, 46.33, 1.00, 0.00000170, 0.00000024, ZIP, 991, 34, 29.15, 0.00, 0.00000153, 0.00000206
trial0000614, GVWY, 256, 6, 42.67, 1.00, 0.00000155, 0.00000034, ZIP, 998, 34, 29.35, 0.00, 0.00000157, 0.00000173
trial0000615, GVWY, 120, 6, 20.00, 1.00, 0.00000188, 0.00000029, ZIP, 1263, 34, 37.15, 0.00, 0.00000162, 0.00000189
trial0000616, GVWY, 215, 6, 35.83, 1.00, 0.00000175, 0.00000026, ZIP, 1320, 34, 38.82, 0.00, 0.00000154, 0.00000174
trial0000617, GVWY, 84.5, 6, 14.08, 0.00, 0.00000184, 0.00000022, ZIP, 967.5, 34, 28.46, 0.00, 0.00000148, 0.00000177
trial0000618, GVWY, 41.5, 6, 6.92, 0.00, 0.00000163, 0.00000033, ZIP, 964.5, 34, 28.37, 0.00, 0.00000179, 0.00000197
trial0000619, GVWY, 80.5, 6, 13.42, 0.00, 0.00000201, 0.00000023, ZIP, 1013.5, 34, 29.81, 0.00, 0.00000194, 0.00000173
trial0000620, GVWY, 66.5, 6, 11.08, 1.00, 0.00000170, 0.00000023, ZIP, 1466.5, 34, 43.13, 0.00, 0.00000171, 0.00000175
trial0000621, GVWY, 196.75, 6, 32.79, 0.00, 0.00000211, 0.00000025, ZIP, 1095.25, 34, 32.21, 0.00, 0.00000151, 0.00000193
trial0000622, GVWY, 235.5, 6, 39.25, 1.00, 0.00000177, 0.00000026, ZIP, 1069.5, 34, 31.46, 0.00, 0.00000157, 0.00000180
trial0000623, GVWY, 164.5, 6, 27.42, 1.00, 0.00000175, 0.00000026, ZIP, 983.5, 34, 28.93, 0.00, 0.00000149, 0.00000194
trial0000624, GVWY, 266, 6, 44.33, 1.00, 0.00000153, 0.00000026, ZIP, 1178, 34, 34.65, 0.00, 0.00000159, 0.00000176
trial0000625, GVWY, 165, 6, 27.50, 0.00, 0.00000163, 0.00000023, ZIP, 1155, 34, 33.97, 0.00, 0.00000164, 0.00000193
trial0000626, GVWY, 263.5, 6, 43.92, 1.00, 0.00000158, 0.00000022, ZIP, 914.5, 34, 26.90, 0.00, 0.00000138, 0.00000176
trial0000627, GVWY, 228.75, 6, 38.12, 0.00, 0.00000157, 0.00000024, ZIP, 866.25, 34, 25.48, 0.00, 0.00000161, 0.00000185
trial0000628, GVWY, 122.5, 6, 20.42, 1.00, 0.00000161, 0.00000025, ZIP, 1183.5, 34, 34.81, 0.00, 0.00000163, 0.00000181
trial0000629, GVWY, 281, 6, 46.83, 1.00, 0.00000288, 0.00000024, ZIP, 889, 34, 26.15, 0.00, 0.00000152, 0.00000176
trial0000630, GVWY, 287.75, 6, 47.96, 1.00, 0.00000186, 0.00000027, ZIP, 1038.25, 34, 30.54, 0.00, 0.00000145, 0.00000191
trial0000631, GVWY, 180, 6, 30.00, 1.00, 0.00000154, 0.00000028, ZIP, 1072, 34, 31.53, 0.00, 0.00000148, 0.00000201
trial0000632, GVWY, 173, 6, 28.83, 0.00, 0.00000169, 0.00000028, ZIP, 902, 34, 26.53, 0.00, 0.00000150, 0.00000208
trial0000633, GVWY, 295.75, 6, 49.29, 1.00, 0.00000183, 0.00000024, ZIP, 1065.25, 34, 31.33, 0.00, 0.00000145, 0.00000179
trial0000634, GVWY, 233, 6, 38.83, 1.00, 0.00000205, 0.00000023, ZIP, 1230, 34, 36.18, 0.00, 0.00000141, 0.00000169
trial0000635, GVWY, 161.5, 6, 26.92, 1.00, 0.00000154, 0.00000029, ZIP, 914.5, 34, 26.90, 0.00, 0.00000171, 0.00000181
trial0000636, GVWY, 199.25, 6, 33.21, 1.00, 0.00000203, 0.00000023, ZIP, 1111.75, 34, 32.70, 0.00, 0.00000154, 0.00000178
trial0000637, GVWY, 253.25, 6, 42.21, 1.00, 0.00000160, 0.00000025, ZIP, 888.75, 34, 26.14, 0.00, 0.00000160, 0.00000182
trial0000638, GVWY, 334, 6, 55.67, 1.00, 0.00000198, 0.00000029, ZIP, 1306, 34, 38.41, 0.00, 0.00000142, 0.00000176
trial0000639, GVWY, 158.5, 6, 26.42, 1.00, 0.00000161, 0.00000025, ZIP, 1202.5, 34, 35.37, 0.00, 0.00000157, 0.00000174
trial0000640, GVWY, 268.5, 6, 44.75, 1.00, 0.00000233, 0.00000025, ZIP, 977.5, 34, 28.75, 0.00, 0.00000166, 0.00000175
trial0000641, GVWY, 139.5, 6, 23.25, 0.00, 0.00000162, 0.00000023, ZIP, 1323.5, 34, 38.93, 0.00, 0.00000153, 0.00000204
trial0000642, GVWY, 300, 6, 50.00, 1.00, 0.00000157, 0.00000026, ZIP, 1301, 34, 38.26, 0.00, 0.00000150, 0.00000181
trial0000643, GVWY, 179.5, 6, 29.92, 1.00, 0.00000181, 0.00000025, ZIP, 1100.5, 34, 32.37, 0.00, 0.00000157, 0.00000181
trial0000644, GVWY, 187, 6, 31.17, 1.00, 0.00000178, 0.00000024, ZIP, 1128, 34, 33.18, 0.00, 0.00000145, 0.00000183
trial0000645, GVWY, 224.5, 6, 37.42, 0.00, 0.00000179, 0.00000024, ZIP, 1181.5, 34, 34.75, 0.00, 0.00000159, 0.00000175
trial0000646, GVWY, 212, 6, 35.33, 1.00, 0.00000152, 0.00000024, ZIP, 848, 34, 24.94, 0.00, 0.00000142, 0.00000181
trial0000647, GVWY, 180.5, 6, 30.08, 1.00, 0.00000200, 0.00000023, ZIP, 652.5, 34, 19.19, 0.00, 0.00000150, 0.00000179
trial0000648, GVWY, 191.75, 6, 31.96, 1.00, 0.00000155, 0.00000024, ZIP, 1180.25, 34, 34.71, 0.00, 0.00000152, 0.00000186
trial0000649, GVWY, 114.5, 6, 19.08, 1.00, 0.00000153, 0.00000026, ZIP, 1326.5, 34, 39.01, 0.00, 0.00000148, 0.00000173
trial0000650, GVWY, 149.5, 6, 24.92, 1.00, 0.00000153, 0.00000022, ZIP, 1058.5, 34, 31.13, 0.00, 0.00000147, 0.00000177
trial0000651, GVWY, 112, 6, 18.67, 0.00, 0.00000156, 0.00000026, ZIP, 1026, 34, 30.18, 0.00, 0.00000173, 0.00000182
trial0000652, GVWY, 249.75, 6, 41.62, 1.00, 0.00000163, 0.00000024, ZIP, 987.25, 34, 29.04, 0.00, 0.00000152, 0.00000203
trial0000653, GVWY, 298, 6, 49.67, 1.00, 0.00001464, 0.00000021, ZIP, 555, 34, 16.32, 0.00, 0.00000147, 0.00000183
trial0000654, GVWY, 250, 6, 41.67, 1.00, 0.00000158, 0.00000026, ZIP, 1495, 34, 43.97, 1.00, 0.00000154, 0.00000197
trial0000655, GVWY, 338.5, 6, 56.42, 1.00, 0.00000177, 0.00000024, ZIP, 856.5, 34, 25.19, 0.00, 0.00000165, 0.00000183
trial0000656, GVWY, 150.5, 6, 25.08, 1.00, 0.00000156, 0.00000025, ZIP, 1244.5, 34, 36.60, 0.00, 0.00000150, 0.00000177
trial0000657, GVWY, 422.75, 6, 70.46, 1.00, 0.00000145, 0.00000024, ZIP, 860.25, 34, 25.30, 0.00, 0.00000148, 0.00000175
trial0000658, GVWY, 113, 6, 18.83, 0.00, 0.00000170, 0.00000023, ZIP, 1033, 34, 30.38, 0.00, 0.00000151, 0.00000177
trial0000659, GVWY, 55, 6, 9.17, 0.00, 0.00000166, 0.00000024, ZIP, 827, 34, 24.32, 0.00, 0.00000151, 0.00000185
trial0000660, GVWY, 261.25, 6, 43.54, 1.00, 0.00000159, 0.00000022, ZIP, 1061.75, 34, 31.23, 0.00, 0.00000135, 0.00000166
trial0000661, GVWY, 158, 6, 26.33, 1.00, 0.00000159, 0.00000025, ZIP, 966, 34, 28.41, 0.00, 0.00000151, 0.00000177
trial0000662, GVWY, 262, 6, 43.67, 1.00, 0.00000180, 0.00000030, ZIP, 1300, 34, 38.24, 1.00, 0.00000154, 0.00000186
trial0000663, GVWY, 270, 6, 45.00, 1.00, 0.00000149, 0.00000028, ZIP, 767, 34, 22.56, 0.00, 0.00000202, 0.00000185
trial0000664, GVWY, 221.25, 6, 36.88, 1.00, 0.00000156, 0.00000023, ZIP, 1081.75, 34, 31.82, 0.00, 0.00000152, 0.00000178
trial0000665, GVWY, 208.5, 6, 34.75, 1.00, 0.00000170, 0.00000025, ZIP, 1202.5, 34, 35.37, 0.00, 0.00000150, 0.00000181
trial0000666, GVWY, 171.75, 6, 28.62, 0.00, 0.00000166, 0.00000021, ZIP, 848.25, 34, 24.95, 0.00, 0.00000148, 0.00000175
trial0000667, GVWY, 82, 6, 13.67, 0.00, 0.00000174, 0.00000026, ZIP, 811, 34, 23.85, 0.00, 0.00000174, 0.00000191
trial0000668, GVWY, 318.5, 6, 53.08, 1.00, 0.00000169, 0.00000029, ZIP, 1070.5, 34, 31.49, 0.00, 0.00000160, 0.00000194
trial0000669, GVWY, 107, 6, 17.83, 1.00, 0.00000169, 0.00000023, ZIP, 1171, 34, 34.44, 0.00, 0.00000148, 0.00000176
trial0000670, GVWY, 146.5, 6, 24.42, 1.00, 0.00000161, 0.00000023, ZIP, 1391.5, 34, 40.93, 0.00, 0.00000168, 0.00000193
trial0000671, GVWY, 100, 6, 16.67, 1.00, 0.00000176, 0.00000023, ZIP, 1048, 34, 30.82, 0.00, 0.00000225, 0.00000179
trial0000672, GVWY, 244.75, 6, 40.79, 1.00, 0.00000463, 0.00000024, ZIP, 1042.25, 34, 30.65, 0.00, 0.00000158, 0.00000191
trial0000673, GVWY, 254.75, 6, 42.46, 1.00, 0.00000160, 0.00000021, ZIP, 1077.25, 34, 31.68, 0.00, 0.00000147, 0.00000183
trial0000674, GVWY, 331, 6, 55.17, 1.00, 0.00000186, 0.00000026, ZIP, 1312, 34, 38.59, 0.00, 0.00000148, 0.00000197
trial0000675, GVWY, 476.25, 6, 79.38, 1.00, 0.00000155, 0.00000023, ZIP, 938.75, 34, 27.61, 0.00, 0.00000147, 0.00000172
trial0000676, GVWY, 375, 6, 62.50, 1.00, 0.00000157, 0.00000023, ZIP, 1164, 34, 34.24, 0.00, 0.00000159, 0.00000180
trial0000677, GVWY, 146.5, 6, 24.42, 0.00, 0.00000169, 0.00000028, ZIP, 930.5, 34, 27.37, 0.00, 0.00000147, 0.00000182
trial0000678, GVWY, 283.5, 6, 47.25, 1.00, 0.00000151, 0.00000026, ZIP, 1186.5, 34, 34.90, 0.00, 0.00000163, 0.00000182
trial0000679, GVWY, 105, 6, 17.50, 1.00, 0.00000201, 0.00000025, ZIP, 1216, 34, 35.76, 1.00, 0.00000154, 0.00000183
trial0000680, GVWY, 131, 6, 21.83, 0.00, 0.00000162, 0.00000022, ZIP, 1163, 34, 34.21, 0.00, 0.00000154, 0.00000175
trial0000681, GVWY, 253.75, 6, 42.29, 1.00, 0.00000170, 0.00000025, ZIP, 759.25, 34, 22.33, 0.00, 0.00000152, 0.00000183
trial0000682, GVWY, 248, 6, 41.33, 1.00, 0.00000168, 0.00000025, ZIP, 1451, 34, 42.68, 0.00, 0.00000147, 0.00000182
trial0000683, GVWY, 124.25, 6, 20.71, 0.00, 0.00000168, 0.00000026, ZIP, 626.75, 34, 18.43, 0.00, 0.00000167, 0.00000190
trial0000684, GVWY, 194.5, 6, 32.42, 0.00, 0.00000174, 0.00000026, ZIP, 1174.5, 34, 34.54, 0.00, 0.00000160, 0.00000178
trial0000685, GVWY, 126.25, 6, 21.04, 1.00, 0.00000183, 0.00000030, ZIP, 1113.75, 34, 32.76, 0.00, 0.00000170, 0.00000187
trial0000686, GVWY, 122, 6, 20.33, 1.00, 0.00000172, 0.00000025, ZIP, 906, 34, 26.65, 0.00, 0.00000150, 0.00000202
trial0000687, GVWY, 181.5, 6, 30.25, 1.00, 0.00000208, 0.00000023, ZIP, 1278.5, 34, 37.60, 0.00, 0.00000144, 0.00000174
trial0000688, GVWY, 282, 6, 47.00, 1.00, 0.00000177, 0.00000026, ZIP, 998, 34, 29.35, 0.00, 0.00000149, 0.00000185
trial0000689, GVWY, 67.25, 6, 11.21, 1.00, 0.00000197, 0.00000027, ZIP, 1143.75, 34, 33.64, 0.00, 0.00000231, 0.00000222
trial0000690, GVWY, 279.25, 6, 46.54, 1.00, 0.00000156, 0.00000022, ZIP, 993.75, 34, 29.23, 0.00, 0.00000133, 0.00000173
trial0000691, GVWY, 238, 6, 39.67, 1.00, 0.00000207, 0.00000022, ZIP, 1312, 34, 38.59, 0.00, 0.00000150, 0.00000170
trial0000692, GVWY, 268, 6, 44.67, 1.00, 0.00000179, 0.00000027, ZIP, 1213, 34, 35.68, 0.00, 0.00000145, 0.00000183
trial0000693, GVWY, 22.5, 6, 3.75, 0.00, 0.00000191, 0.00000024, ZIP, 1150.5, 34, 33.84, 0.00, 0.00000154, 0.00000195
trial0000694, GVWY, 138.25, 6, 23.04, 1.00, 0.00000172, 0.00000024, ZIP, 1294.75, 34, 38.08, 0.00, 0.00000141, 0.00000171
trial0000695, GVWY, 211.5, 6, 35.25, 1.00, 0.00000160, 0.00000046, ZIP, 1295.5, 34, 38.10, 0.00, 0.00000154, 0.00000181
trial0000696, GVWY, 199.5, 6, 33.25, 1.00, 0.00000164, 0.00000027, ZIP, 868.5, 34, 25.54, 0.00, 0.00000155, 0.00000177
trial0000697, GVWY, 92.5, 6, 15.42, 0.00, 0.00000153, 0.00000021, ZIP, 838.5, 34, 24.66, 0.00, 0.00000139, 0.00000208
trial0000698, GVWY, 261.25, 6, 43.54, 1.00, 0.00000159, 0.00000027, ZIP, 1348.75, 34, 39.67, 0.00, 0.00000137, 0.00000235
trial0000699, GVWY, 203, 6, 33.83, 1.00, 0.00000169, 0.00000022, ZIP, 913, 34, 26.85, 0.00, 0.00000224, 0.00000172
trial0000700, GVWY, 170, 6, 28.33, 0.00, 0.00000154, 0.00000024, ZIP, 844, 34, 24.82, 0.00, 0.00000146, 0.00000180
trial0000701, GVWY, 159, 6, 26.50, 1.00, 0.00000232, 0.00000027, ZIP, 1082, 34, 31.82, 0.00, 0.00000146, 0.00000177
trial0000702, GVWY, 132, 6, 22.00, 1.00, 0.00000142, 0.00000028, ZIP, 871, 34, 25.62, 0.00, 0.00000158, 0.00000178
trial0000703, GVWY, 241.5, 6, 40.25, 1.00, 0.00000159, 0.00000023, ZIP, 1181.5, 34, 34.75, 0.00, 0.00000153, 0.00000175
trial0000704, GVWY, 167.5, 6, 27.92, 1.00, 0.00000180, 0.00000027, ZIP, 904.5, 34, 26.60, 0.00, 0.00000149, 0.00000182
trial0000705, GVWY, 210.25, 6, 35.04, 1.00, 0.00000165, 0.00000023, ZIP, 1375.75, 34, 40.46, 1.00, 0.00000184, 0.00000169
trial0000706, GVWY, 402, 6, 67.00, 1.00, 0.00000159, 0.00000024, ZIP, 904, 34, 26.59, 0.00, 0.00000141, 0.00000177
trial0000707, GVWY, 150, 6, 25.00, 1.00, 0.00000254, 0.00000025, ZIP, 1324, 34, 38.94, 0.00, 0.00000143, 0.00000180
trial0000708, GVWY, 199.5, 6, 33.25, 1.00, 0.00000151, 0.00000024, ZIP, 1150.5, 34, 33.84, 0.00, 0.00000150, 0.00000172
trial0000709, GVWY, 241.25, 6, 40.21, 1.00, 0.00000153, 0.00000021, ZIP, 1088.75, 34, 32.02, 0.00, 0.00000159, 0.00000504
trial0000710, GVWY, 99.25, 6, 16.54, 1.00, 0.00000160, 0.00000025, ZIP, 1034.75, 34, 30.43, 0.00, 0.00000145, 0.00000199
trial0000711, GVWY, 131.5, 6, 21.92, 1.00, 0.00000162, 0.00000023, ZIP, 823.5, 34, 24.22, 0.00, 0.00000178, 0.00000191
trial0000712, GVWY, 271, 6, 45.17, 1.00, 0.00000135, 0.00000026, ZIP, 1074, 34, 31.59, 0.00, 0.00000162, 0.00000193
trial0000713, GVWY, 213.5, 6, 35.58, 1.00, 0.00000180, 0.00000023, ZIP, 1176.5, 34, 34.60, 0.00, 0.00000153, 0.00000170
trial0000714, GVWY, 276.25, 6, 46.04, 1.00, 0.00000165, 0.00000022, ZIP, 1084.75, 34, 31.90, 0.00, 0.00000166, 0.00000181
trial0000715, GVWY, 92.5, 6, 15.42, 1.00, 0.00000173, 0.00000023, ZIP, 1116.5, 34, 32.84, 0.00, 0.00000164, 0.00000194
trial0000716, GVWY, 145.5, 6, 24.25, 0.00, 0.00000175, 0.00000027, ZIP, 1279.5, 34, 37.63, 0.00, 0.00000140, 0.00000176
trial0000717, GVWY, 135, 6, 22.50, 0.00, 0.00000156, 0.00000024, ZIP, 1181, 34, 34.74, 0.00, 0.00000149, 0.00000191
trial0000718, GVWY, 267.5, 6, 44.58, 1.00, 0.00000268, 0.00000025, ZIP, 1189.5, 34, 34.99, 0.00, 0.00000156, 0.00000185
trial0000719, GVWY, 9, 6, 1.50, 0.00, 0.00000166, 0.00000025, ZIP, 726, 34, 21.35, 0.00, 0.00000153, 0.00000212
trial0000720, GVWY, 188, 6, 31.33, 1.00, 0.00000172, 0.00000031, ZIP, 1143, 34, 33.62, 0.00, 0.00000178, 0.00000179
trial0000721, GVWY, 52.5, 6, 8.75, 1.00, 0.00000158, 0.00000023, ZIP, 866.5, 34, 25.49, 0.00, 0.00000147, 0.00000189
trial0000722, GVWY, 158.5, 6, 26.42, 1.00, 0.00000142, 0.00000024, ZIP, 764.5, 34, 22.49, 0.00, 0.00000158, 0.00000177
trial0000723, GVWY, 98.5, 6, 16.42, 0.00, 0.00000165, 0.00000026, ZIP, 1142.5, 34, 33.60, 0.00, 0.00000239, 0.00000184
trial0000724, GVWY, 171.75, 6, 28.62, 0.00, 0.00000164, 0.00000023, ZIP, 866.25, 34, 25.48, 0.00, 0.00000157, 0.00000186
trial0000725, GVWY, 121, 6, 20.17, 1.00, 0.00000151, 0.00000022, ZIP, 1273, 34, 37.44, 0.00, 0.00000158, 0.00000175
trial0000726, GVWY, 280, 6, 46.67, 1.00, 0.00000158, 0.00000024, ZIP, 989, 34, 29.09, 0.00, 0.00000156, 0.00000176
trial0000727, GVWY, 355, 6, 59.17, 1.00, 0.00000140, 0.00000025, ZIP, 1150, 34, 33.82, 0.00, 0.00000153, 0.00000181
trial0000728, GVWY, 299.75, 6, 49.96, 1.00, 0.00000151, 0.00000026, ZIP, 1119.25, 34, 32.92, 0.00, 0.00000153, 0.00000178
trial0000729, GVWY, 336, 6, 56.00, 1.00, 0.00000180, 0.00000025, ZIP, 1452, 34, 42.71, 0.00, 0.00000165, 0.00000183
trial0000730, GVWY, 204, 6, 34.00, 1.00, 0.00000160, 0.00000025, ZIP, 887, 34, 26.09, 0.00, 0.00000162, 0.00000193
trial0000731, GVWY, 223.5, 6, 37.25, 0.00, 0.00000150, 0.00000027, ZIP, 599.5, 34, 17.63, 0.00, 0.00000151, 0.00000193
trial0000732, GVWY, 114.25, 6, 19.04, 1.00, 0.00000263, 0.00000028, ZIP, 1384.75, 34, 40.73, 1.00, 0.00000157, 0.00000200
trial0000733, GVWY, 161, 6, 26.83, 1.00, 0.00000191, 0.00000024, ZIP, 1242, 34, 36.53, 0.00, 0.00000164, 0.00000187
trial0000734, GVWY, 131, 6, 21.83, 0.00, 0.00000194, 0.00000027, ZIP, 1378, 34, 40.53, 0.00, 0.00000161, 0.00000216
trial0000735, GVWY, 157.25, 6, 26.21, 0.00, 0.00000169, 0.00000028, ZIP, 1243.75, 34, 36.58, 0.00, 0.00000155, 0.00000200
trial0000736, GVWY, 151.5, 6, 25.25, 1.00, 0.00000185, 0.00000026, ZIP, 1193.5, 34, 35.10, 0.00, 0.00000165, 0.00000201
trial0000737, GVWY, 309.5, 6, 51.58, 0.00, 0.00000155, 0.00000021, ZIP, 660.5, 34, 19.43, 0.00, 0.00000142, 0.00000176
trial0000738, GVWY, 208.5, 6, 34.75, 0.00, 0.00000168, 0.00000026, ZIP, 1240.5, 34, 36.49, 0.00, 0.00000159, 0.00000178
trial0000739, GVWY, 119, 6, 19.83, 1.00, 0.00000165, 0.00000024, ZIP, 669, 34, 19.68, 0.00, 0.00000145, 0.00000189
trial0000740, GVWY, 367, 6, 61.17, 1.00, 0.00000241, 0.00000022, ZIP, 1191, 34, 35.03, 0.00, 0.00000146, 0.00000174
trial0000741, GVWY, 172, 6, 28.67, 1.00, 0.00000156, 0.00000026, ZIP, 1444, 34, 42.47, 0.00, 0.00000159, 0.00000180
trial0000742, GVWY, 271, 6, 45.17, 1.00, 0.00000154, 0.00000025, ZIP, 1230, 34, 36.18, 0.00, 0.00000151, 0.00000172
trial0000743, GVWY, 177, 6, 29.50, 1.00, 0.00000176, 0.00000024, ZIP, 1505, 34, 44.26, 1.00, 0.00000142, 0.00000172
trial0000744, GVWY, 165, 6, 27.50, 1.00, 0.00000170, 0.00000023, ZIP, 1171, 34, 34.44, 0.00, 0.00000185, 0.00000195
trial0000745, GVWY, 233.5, 6, 38.92, 0.00, 0.00000161, 0.00000028, ZIP, 1128.5, 34, 33.19, 0.00, 0.00000168, 0.00000173
trial0000746, GVWY, 199.75, 6, 33.29, 1.00, 0.00000660, 0.00000022, ZIP, 1030.25, 34, 30.30, 0.00, 0.00000154, 0.00000196
trial0000747, GVWY, 323.5, 6, 53.92, 1.00, 0.00000153, 0.00000023, ZIP, 838.5, 34, 24.66, 0.00, 0.00000233, 0.00000174
trial0000748, GVWY, 186.5, 6, 31.08, 1.00, 0.00000169, 0.00000022, ZIP, 1076.5, 34, 31.66, 0.00, 0.00000157, 0.00000181
trial0000749, GVWY, 178.75, 6, 29.79, 1.00, 0.00000160, 0.00000027, ZIP, 1190.25, 34, 35.01, 0.00, 0.00000162, 0.00000192
trial0000750, GVWY, 272.5, 6, 45.42, 1.00, 0.00000165, 0.00000029, ZIP, 1241.5, 34, 36.51, 0.00, 0.00000161, 0.00000184
trial0000751, GVWY, 293, 6, 48.83, 1.00, 0.00000156, 0.00000024, ZIP, 1340, 34, 39.41, 1.00, 0.00000154, 0.00000179
trial0000752, GVWY, 105, 6, 17.50, 1.00, 0.00000336, 0.00000023, ZIP, 794, 34, 23.35, 0.00, 0.00000153, 0.00000180
trial0000753, GVWY, 258, 6, 43.00, 1.00, 0.00000167, 0.00000026, ZIP, 1082, 34, 31.82, 0.00, 0.00000151, 0.00000192
trial0000754, GVWY, 125, 6, 20.83, 0.00, 0.00000151, 0.00000025, ZIP, 1290, 34, 37.94, 0.00, 0.00000159, 0.00000180
trial0000755, GVWY, 102.5, 6, 17.08, 1.00, 0.00000158, 0.00000023, ZIP, 1249.5, 34, 36.75, 0.00, 0.00000162, 0.00000179
trial0000756, GVWY, 86, 6, 14.33, 0.00, 0.00000163, 0.00000025, ZIP, 1067, 34, 31.38, 0.00, 0.00000158, 0.00000199
trial0000757, GVWY, 298, 6, 49.67, 1.00, 0.00000162, 0.00000024, ZIP, 957, 34, 28.15, 0.00, 0.00000163, 0.00000175
trial0000758, GVWY, 108.5, 6, 18.08, 1.00, 0.00000156, 0.00000023, ZIP, 848.5, 34, 24.96, 0.00, 0.00000149, 0.00000174
trial0000759, GVWY, 88.5, 6, 14.75, 0.00, 0.00000157, 0.00000025, ZIP, 1318.5, 34, 38.78, 0.00, 0.00000144, 0.00000178
trial0000760, GVWY, 191, 6, 31.83, 1.00, 0.00000156, 0.00000026, ZIP, 1302, 34, 38.29, 0.00, 0.00000170, 0.00000180
trial0000761, GVWY, 335, 6, 55.83, 1.00, 0.00000717, 0.00000027, ZIP, 1216, 34, 35.76, 0.00, 0.00000161, 0.00000176
trial0000762, GVWY, 117.5, 6, 19.58, 1.00, 0.00000165, 0.00000023, ZIP, 1017.5, 34, 29.93, 0.00, 0.00000154, 0.00000193
trial0000763, GVWY, 160.5, 6, 26.75, 1.00, 0.00000160, 0.00000026, ZIP, 1222.5, 34, 35.96, 0.00, 0.00000157, 0.00000174
trial0000764, GVWY, 52, 6, 8.67, 1.00, 0.00000171, 0.00000023, ZIP, 1030, 34, 30.29, 0.00, 0.00000148, 0.00000191
trial0000765, GVWY, 288, 6, 48.00, 1.00, 0.00000235, 0.00000027, ZIP, 1042, 34, 30.65, 0.00, 0.00000169, 0.00000208
trial0000766, GVWY, 73.75, 6, 12.29, 0.00, 0.00000153, 0.00000023, ZIP, 1495.25, 34, 43.98, 1.00, 0.00000148, 0.00000168
trial0000767, GVWY, 119, 6, 19.83, 0.00, 0.00000168, 0.00000024, ZIP, 638, 34, 18.76, 0.00, 0.00000146, 0.00000188
trial0000768, GVWY, 176.5, 6, 29.42, 1.00, 0.00000189, 0.00000024, ZIP, 1521.5, 34, 44.75, 1.00, 0.00000201, 0.00000168
trial0000769, GVWY, 223.5, 6, 37.25, 1.00, 0.00000170, 0.00000022, ZIP, 1028.5, 34, 30.25, 0.00, 0.00000143, 0.00000164
trial0000770, GVWY, 197, 6, 32.83, 1.00, 0.00000158, 0.00000027, ZIP, 1062, 34, 31.24, 0.00, 0.00000166, 0.00000180
trial0000771, GVWY, 196.5, 6, 32.75, 1.00, 0.00000148, 0.00000021, ZIP, 930.5, 34, 27.37, 0.00, 0.00000166, 0.00000176
trial0000772, GVWY, 130.5, 6, 21.75, 0.00, 0.00000162, 0.00000021, ZIP, 731.5, 34, 21.51, 0.00, 0.00000142, 0.00000184
trial0000773, GVWY, 223, 6, 37.17, 1.00, 0.00000162, 0.00000022, ZIP, 1447, 34, 42.56, 0.00, 0.00000158, 0.00000171
trial0000774, GVWY, 232.75, 6, 38.79, 1.00, 0.00000176, 0.00000022, ZIP, 1125.25, 34, 33.10, 0.00, 0.00000169, 0.00000184
trial0000775, GVWY, 175.5, 6, 29.25, 1.00, 0.00000170, 0.00000023, ZIP, 1099.5, 34, 32.34, 0.00, 0.00000145, 0.00000171
trial0000776, GVWY, 357, 6, 59.50, 1.00, 0.00000157, 0.00000025, ZIP, 677, 34, 19.91, 0.00, 0.00000163, 0.00000190
trial0000777, GVWY, 215.25, 6, 35.88, 1.00, 0.00000170, 0.00000025, ZIP, 981.75, 34, 28.88, 0.00, 0.00000149, 0.00000217
trial0000778, GVWY, 297.5, 6, 49.58, 1.00, 0.00000166, 0.00000022, ZIP, 1194.5, 34, 35.13, 0.00, 0.00000145, 0.00000184
trial0000779, GVWY, 115.5, 6, 19.25, 0.00, 0.00000164, 0.00000025, ZIP, 925.5, 34, 27.22, 0.00, 0.00000143, 0.00000187
trial0000780, GVWY, 175, 6, 29.17, 1.00, 0.00000187, 0.00000026, ZIP, 1087, 34, 31.97, 0.00, 0.00000156, 0.00000177
trial0000781, GVWY, 196, 6, 32.67, 0.00, 0.00000187, 0.00000026, ZIP, 1127, 34, 33.15, 0.00, 0.00000182, 0.00000201
trial0000782, GVWY, 187.5, 6, 31.25, 1.00, 0.00000192, 0.00000024, ZIP, 1210.5, 34, 35.60, 0.00, 0.00000157, 0.00000174
trial0000783, GVWY, 150.5, 6, 25.08, 1.00, 0.00000190, 0.00000023, ZIP, 919.5, 34, 27.04, 0.00, 0.00000148, 0.00000185
trial0000784, GVWY, 336.5, 6, 56.08, 1.00, 0.00000201, 0.00000025, ZIP, 1208.5, 34, 35.54, 0.00, 0.00000151, 0.00000178
trial0000785, GVWY, 118, 6, 19.67, 1.00, 0.00000193, 0.00000020, ZIP, 671, 34, 19.74, 0.00, 0.00000145, 0.00000173
trial0000786, GVWY, 372.5, 6, 62.08, 1.00, 0.00000145, 0.00000022, ZIP, 1126.5, 34, 33.13, 0.00, 0.00000147, 0.00000183
trial0000787, GVWY, 148.25, 6, 24.71, 1.00, 0.00000151, 0.00000023, ZIP, 994.75, 34, 29.26, 0.00, 0.00000136, 0.00000172
trial0000788, GVWY, 118.5, 6, 19.75, 1.00, 0.00000200, 0.00000027, ZIP, 975.5, 34, 28.69, 0.00, 0.00000163, 0.00000179
trial0000789, GVWY, 202.75, 6, 33.79, 0.00, 0.00000148, 0.00000024, ZIP, 1093.25, 34, 32.15, 0.00, 0.00000149, 0.00000176
trial0000790, GVWY, 116, 6, 19.33, 1.00, 0.00000164, 0.00000025, ZIP, 816, 34, 24.00, 0.00, 0.00000178, 0.00000195
trial0000791, GVWY, 152.5, 6, 25.42, 0.00, 0.00000164, 0.00000022, ZIP, 807.5, 34, 23.75, 0.00, 0.00000159, 0.00000190
trial0000792, GVWY, 105.5, 6, 17.58, 0.00, 0.00000154, 0.00000023, ZIP, 836.5, 34, 24.60, 0.00, 0.00000149, 0.00000182
trial0000793, GVWY, 247, 6, 41.17, 1.00, 0.00000280, 0.00000027, ZIP, 876, 34, 25.76, 0.00, 0.00000143, 0.00000187
trial0000794, GVWY, 266.25, 6, 44.38, 1.00, 0.00000169, 0.00000026, ZIP, 1137.75, 34, 33.46, 0.00, 0.00000153, 0.00000181
trial0000795, GVWY, 248.5, 6, 41.42, 1.00, 0.00000173, 0.00000026, ZIP, 803.5, 34, 23.63, 0.00, 0.00000143, 0.00000180
trial0000796, GVWY, 191.5, 6, 31.92, 1.00, 0.00000158, 0.00000024, ZIP, 915.5, 34, 26.93, 0.00, 0.00000147, 0.00000178
trial0000797, GVWY, 236.5, 6, 39.42, 1.00, 0.00000159, 0.00000026, ZIP, 1227.5, 34, 36.10, 0.00, 0.00000145, 0.00000174
trial0000798, GVWY, 201.5, 6, 33.58, 1.00, 0.00000184, 0.00000023, ZIP, 1325.5, 34, 38.99, 0.00, 0.00000147, 0.00000166
trial0000799, GVWY, 207.5, 6, 34.58, 1.00, 0.00000165, 0.00000023, ZIP, 1072.5, 34, 31.54, 0.00, 0.00000155, 0.00000213
trial0000800, GVWY, 142, 6, 23.67, 0.00, 0.00000178, 0.00000023, ZIP, 925, 34, 27.21, 0.00, 0.00000161, 0.00000253
trial0000801, GVWY, 308.5, 6, 51.42, 1.00, 0.00000240, 0.00000028, ZIP, 653.5, 34, 19.22, 0.00, 0.00000155, 0.00000187
trial0000802, GVWY, 67.5, 6, 11.25, 0.00, 0.00000172, 0.00000028, ZIP, 920.5, 34, 27.07, 0.00, 0.00000203, 0.00000203
trial0000803, GVWY, 135, 6, 22.50, 1.00, 0.00000715, 0.00000023, ZIP, 1146, 34, 33.71, 0.00, 0.00000219, 0.00000175
trial0000804, GVWY, 252, 6, 42.00, 1.00, 0.00000169, 0.00000032, ZIP, 1211, 34, 35.62, 1.00, 0.00000173, 0.00000192
trial0000805, GVWY, 110, 6, 18.33, 1.00, 0.00000161, 0.00000023, ZIP, 997, 34, 29.32, 0.00, 0.00000156, 0.00000180
trial0000806, GVWY, 259.5, 6, 43.25, 1.00, 0.00000171, 0.00000026, ZIP, 919.5, 34, 27.04, 0.00, 0.00000154, 0.00000191
trial0000807, GVWY, 195.25, 6, 32.54, 1.00, 0.00000251, 0.00000028, ZIP, 1276.75, 34, 37.55, 0.00, 0.00000159, 0.00000197
trial0000808, GVWY, 325, 6, 54.17, 1.00, 0.00000147, 0.00000028, ZIP, 1144, 34, 33.65, 0.00, 0.00000157, 0.00000197
trial0000809, GVWY, 128, 6, 21.33, 0.00, 0.00000703, 0.00000203, ZIP, 1319, 34, 38.79, 0.00, 0.00000172, 0.00000407
trial0000810, GVWY, 122, 6, 20.33, 0.00, 0.00000158, 0.00000021, ZIP, 866, 34, 25.47, 0.00, 0.00000144, 0.00000172
trial0000811, GVWY, 231, 6, 38.50, 1.00, 0.00000158, 0.00000025, ZIP, 1185, 34, 34.85, 0.00, 0.00000159, 0.00000179
trial0000812, GVWY, 374, 6, 62.33, 1.00, 0.00000162, 0.00000023, ZIP, 920, 34, 27.06, 0.00, 0.00000145, 0.00000179
trial0000813, GVWY, 202, 6, 33.67, 1.00, 0.00000140, 0.00000025, ZIP, 816, 34, 24.00, 0.00, 0.00000154, 0.00000185
trial0000814, GVWY, 140, 6, 23.33, 0.00, 0.00000165, 0.00000029, ZIP, 1198, 34, 35.24, 0.00, 0.00000162, 0.00000195
trial0000815, GVWY, 287, 6, 47.83, 1.00, 0.00000165, 0.00000033, ZIP, 991, 34, 29.15, 0.00, 0.00000186, 0.00000194
trial0000816, GVWY, 115.5, 6, 19.25, 0.00, 0.00000159, 0.00000029, ZIP, 1137.5, 34, 33.46, 0.00, 0.00000190, 0.00000190
trial0000817, GVWY, 215.5, 6, 35.92, 1.00, 0.00000157, 0.00000022, ZIP, 1059.5, 34, 31.16, 0.00, 0.00000151, 0.00000168
trial0000818, GVWY, 259, 6, 43.17, 1.00, 0.00000218, 0.00000024, ZIP, 974, 34, 28.65, 0.00, 0.00000153, 0.00000184
trial0000819, GVWY, 154.5, 6, 25.75, 0.00, 0.00000189, 0.00000029, ZIP, 1257.5, 34, 36.99, 0.00, 0.00000174, 0.00000176
trial0000820, GVWY, 167, 6, 27.83, 1.00, 0.00000184, 0.00000025, ZIP, 1249, 34, 36.74, 0.00, 0.00000158, 0.00000173
trial0000821, GVWY, 187.75, 6, 31.29, 1.00, 0.00000142, 0.00000025, ZIP, 1243.25, 34, 36.57, 0.00, 0.00000148, 0.00000181
trial0000822, GVWY, 253.75, 6, 42.29, 1.00, 0.00000162, 0.00000023, ZIP, 1038.25, 34, 30.54, 0.00, 0.00000144, 0.00000175
trial0000823, GVWY, 420.75, 6, 70.12, 1.00, 0.00000177, 0.00000028, ZIP, 979.25, 34, 28.80, 0.00, 0.00000183, 0.00000175
trial0000824, GVWY, 220, 6, 36.67, 1.00, 0.00000146, 0.00000023, ZIP, 1109, 34, 32.62, 0.00, 0.00000142, 0.00000169
trial0000825, GVWY, 177, 6, 29.50, 1.00, 0.00000203, 0.00000024, ZIP, 1279, 34, 37.62, 0.00, 0.00000147, 0.00000174
trial0000826, GVWY, 217, 6, 36.17, 0.00, 0.00000158, 0.00000023, ZIP, 1045, 34, 30.74, 0.00, 0.00000158, 0.00000174
trial0000827, GVWY, 163, 6, 27.17, 1.00, 0.00000149, 0.00000021, ZIP, 1009, 34, 29.68, 0.00, 0.00000140, 0.00000181
trial0000828, GVWY, 138, 6, 23.00, 1.00, 0.00000169, 0.00000023, ZIP, 934, 34, 27.47, 0.00, 0.00000154, 0.00000178
trial0000829, GVWY, 215.5, 6, 35.92, 1.00, 0.00000157, 0.00000027, ZIP, 1446.5, 34, 42.54, 0.00, 0.00000148, 0.00000174
trial0000830, GVWY, 149.5, 6, 24.92, 0.00, 0.00000158, 0.00000023, ZIP, 1278.5, 34, 37.60, 0.00, 0.00000144, 0.00000181
trial0000831, GVWY, 193, 6, 32.17, 1.00, 0.00000154, 0.00000023, ZIP, 1032, 34, 30.35, 0.00, 0.00000150, 0.00000167
trial0000832, GVWY, 36.5, 6, 6.08, 0.00, 0.00000164, 0.00000023, ZIP, 1035.5, 34, 30.46, 0.00, 0.00000156, 0.00000187
trial0000833, GVWY, 403.25, 6, 67.21, 1.00, 0.00000160, 0.00000023, ZIP, 923.75, 34, 27.17, 0.00, 0.00000142, 0.00000176
trial0000834, GVWY, 141.5, 6, 23.58, 1.00, 0.00000206, 0.00000033, ZIP, 1400.5, 34, 41.19, 0.00, 0.00000150, 0.00000186
trial0000835, GVWY, 175.5, 6, 29.25, 0.00, 0.00000161, 0.00000022, ZIP, 1031.5, 34, 30.34, 0.00, 0.00000151, 0.00000189
trial0000836, GVWY, 379.75, 6, 63.29, 1.00, 0.00000148, 0.00000026, ZIP, 1316.25, 34, 38.71, 0.00, 0.00000141, 0.00000175
trial0000837, GVWY, 150.5, 6, 25.08, 0.00, 0.00000150, 0.00000020, ZIP, 1048.5, 34, 30.84, 0.00, 0.00000150, 0.00000315
trial0000838, GVWY, 276.5, 6, 46.08, 1.00, 0.00000154, 0.00000022, ZIP, 704.5, 34, 20.72, 0.00, 0.00000138, 0.00000174
trial0000839, GVWY, 285, 6, 47.50, 1.00, 0.00000189, 0.00000025, ZIP, 1110, 34, 32.65, 0.00, 0.00000136, 0.00000174
trial0000840, GVWY, 434, 6, 72.33, 1.00, 0.00000144, 0.00000030, ZIP, 1081, 34, 31.79, 0.00, 0.00000148, 0.00000184
trial0000841, GVWY, 251.25, 6, 41.88, 1.00, 0.00000152, 0.00000026, ZIP, 1062.75, 34, 31.26, 0.00, 0.00000155, 0.00000169
trial0000842, GVWY, 80, 6, 13.33, 1.00, 0.00000182, 0.00000025, ZIP, 1075, 34, 31.62, 0.00, 0.00000153, 0.00000180
trial0000843, GVWY, 232.75, 6, 38.79, 1.00, 0.00000164, 0.00000025, ZIP, 1148.25, 34, 33.77, 0.00, 0.00000167, 0.00000180
trial0000844, GVWY, 217, 6, 36.17, 1.00, 0.00000152, 0.00000024, ZIP, 487, 34, 14.32, 0.00, 0.00000144, 0.00000176
trial0000845, GVWY, 185.5, 6, 30.92, 1.00, 0.00000164, 0.00000025, ZIP, 1022.5, 34, 30.07, 0.00, 0.00000150, 0.00000188
trial0000846, GVWY, 357.5, 6, 59.58, 1.00, 0.00000214, 0.00000024, ZIP, 590.5, 34, 17.37, 0.00, 0.00000163, 0.00000176
trial0000847, GVWY, 252, 6, 42.00, 1.00, 0.00000180, 0.00000025, ZIP, 1037, 34, 30.50, 0.00, 0.00000179, 0.00000188
trial0000848, GVWY, 143, 6, 23.83, 1.00, 0.00000198, 0.00000026, ZIP, 1022, 34, 30.06, 0.00, 0.00000146, 0.00000173
trial0000849, GVWY, 164, 6, 27.33, 1.00, 0.00000175, 0.00000024, ZIP, 1010, 34, 29.71, 0.00, 0.00000189, 0.00000187
trial0000850, GVWY, 98, 6, 16.33, 0.00, 0.00000179, 0.00000024, ZIP, 1179, 34, 34.68, 0.00, 0.00000152, 0.00000178
trial0000851, GVWY, 344, 6, 57.33, 1.00, 0.00000210, 0.00000025, ZIP, 1064, 34, 31.29, 0.00, 0.00000194, 0.00000188
trial0000852, GVWY, 122, 6, 20.33, 1.00, 0.00000141, 0.00000022, ZIP, 1200, 34, 35.29, 0.00, 0.00000163, 0.00000172
trial0000853, GVWY, 162.75, 6, 27.12, 1.00, 0.00000162, 0.00000024, ZIP, 1601.25, 34, 47.10, 1.00, 0.00000149, 0.00000171
trial0000854, GVWY, 219, 6, 36.50, 1.00, 0.00000155, 0.00000023, ZIP, 1123, 34, 33.03, 0.00, 0.00000142, 0.00000175
trial0000855, GVWY, 179, 6, 29.83, 0.00, 0.00000143, 0.00000025, ZIP, 913, 34, 26.85, 0.00, 0.00000167, 0.00000186
trial0000856, GVWY, 328, 6, 54.67, 1.00, 0.00000164, 0.00000024, ZIP, 1076, 34, 31.65, 0.00, 0.00000164, 0.00000184
trial0000857, GVWY, 116.25, 6, 19.38, 0.00, 0.00000146, 0.00000023, ZIP, 1062.75, 34, 31.26, 0.00, 0.00000167, 0.00000169
trial0000858, GVWY, 244, 6, 40.67, 1.00, 0.00000246, 0.00000024, ZIP, 764, 34, 22.47, 0.00, 0.00000152, 0.00000177
trial0000859, GVWY, 156.5, 6, 26.08, 1.00, 0.00000240, 0.00000022, ZIP, 1201.5, 34, 35.34, 0.00, 0.00000137, 0.00000181
trial0000860, GVWY, 334.5, 6, 55.75, 1.00, 0.00000170, 0.00000021, ZIP, 1242.5, 34, 36.54, 0.00, 0.00000165, 0.00000169
trial0000861, GVWY, 148.5, 6, 24.75, 1.00, 0.00000163, 0.00000026, ZIP, 1379.5, 34, 40.57, 1.00, 0.00000158, 0.00000183
trial0000862, GVWY, 302.25, 6, 50.38, 1.00, 0.00000163, 0.00000025, ZIP, 1146.75, 34, 33.73, 0.00, 0.00000166, 0.00000193
trial0000863, GVWY, 156, 6, 26.00, 1.00, 0.00000164, 0.00000026, ZIP, 1100, 34, 32.35, 0.00, 0.00000148, 0.00000184
trial0000864, GVWY, 108.25, 6, 18.04, 0.00, 0.00000171, 0.00000025, ZIP, 1248.75, 34, 36.73, 0.00, 0.00000164, 0.00000184
trial0000865, GVWY, 123, 6, 20.50, 0.00, 0.00000157, 0.00000024, ZIP, 1059, 34, 31.15, 0.00, 0.00000157, 0.00000177
trial0000866, GVWY, 78.5, 6, 13.08, 1.00, 0.00000161, 0.00000023, ZIP, 1237.5, 34, 36.40, 0.00, 0.00000141, 0.00000173
trial0000867, GVWY, 67.5, 6, 11.25, 0.00, 0.00000146, 0.00000024, ZIP, 1040.5, 34, 30.60, 0.00, 0.00000152, 0.00000197
trial0000868, GVWY, 237, 6, 39.50, 1.00, 0.00000173, 0.00000025, ZIP, 1409, 34, 41.44, 1.00, 0.00000161, 0.00000170
trial0000869, GVWY, 336.5, 6, 56.08, 1.00, 0.00000159, 0.00000023, ZIP, 645.5, 34, 18.99, 0.00, 0.00000146, 0.00000173
trial0000870, GVWY, 161.5, 6, 26.92, 1.00, 0.00000196, 0.00000022, ZIP, 1134.5, 34, 33.37, 0.00, 0.00000143, 0.00000171
trial0000871, GVWY, 76, 6, 12.67, 0.00, 0.00000168, 0.00000024, ZIP, 1018, 34, 29.94, 0.00, 0.00000155, 0.00000183
trial0000872, GVWY, 252.5, 6, 42.08, 1.00, 0.00000174, 0.00000023, ZIP, 938.5, 34, 27.60, 0.00, 0.00000145, 0.00000178
trial0000873, GVWY, 118.5, 6, 19.75, 0.00, 0.00000197, 0.00000025, ZIP, 1333.5, 34, 39.22, 0.00, 0.00000151, 0.00000191
trial0000874, GVWY, 306, 6, 51.00, 1.00, 0.00000157, 0.00000025, ZIP, 1197, 34, 35.21, 0.00, 0.00000143, 0.00000178
trial0000875, GVWY, 233.5, 6, 38.92, 1.00, 0.00000202, 0.00000026, ZIP, 1068.5, 34, 31.43, 0.00, 0.00000148, 0.00000180
trial0000876, GVWY, 136.75, 6, 22.79, 1.00, 0.00000164, 0.00000028, ZIP, 1214.25, 34, 35.71, 0.00, 0.00000149, 0.00000172
trial0000877, GVWY, 158, 6, 26.33, 1.00, 0.00000171, 0.00000026, ZIP, 1264, 34, 37.18, 0.00, 0.00000164, 0.00000176
trial0000878, GVWY, 150, 6, 25.00, 0.00, 0.00000179, 0.00000025, ZIP, 908, 34, 26.71, 0.00, 0.00000154, 0.00000174
trial0000879, GVWY, 155.5, 6, 25.92, 0.00, 0.00000157, 0.00000025, ZIP, 987.5, 34, 29.04, 0.00, 0.00000150, 0.00000175
trial0000880, GVWY, 56.25, 6, 9.38, 0.00, 0.00000156, 0.00000025, ZIP, 1155.75, 34, 33.99, 0.00, 0.00000149, 0.00000183
trial0000881, GVWY, 185.25, 6, 30.88, 1.00, 0.00000167, 0.00000022, ZIP, 1121.75, 34, 32.99, 0.00, 0.00000146, 0.00000189
trial0000882, GVWY, 121.75, 6, 20.29, 0.00, 0.00000169, 0.00000028, ZIP, 1156.25, 34, 34.01, 0.00, 0.00000151, 0.00000180
trial0000883, GVWY, 173, 6, 28.83, 1.00, 0.00000171, 0.00000024, ZIP, 1238, 34, 36.41, 0.00, 0.00000150, 0.00000174
trial0000884, GVWY, 237.25, 6, 39.54, 1.00, 0.00000157, 0.00000025, ZIP, 1063.75, 34, 31.29, 0.00, 0.00000161, 0.00000200
trial0000885, GVWY, 205, 6, 34.17, 1.00, 0.00000149, 0.00000023, ZIP, 797, 34, 23.44, 0.00, 0.00000147, 0.00000189
trial0000886, GVWY, 183, 6, 30.50, 1.00, 0.00000171, 0.00000022, ZIP, 1321, 34, 38.85, 0.00, 0.00000146, 0.00000176
trial0000887, GVWY, 245, 6, 40.83, 1.00, 0.00000199, 0.00000027, ZIP, 1020, 34, 30.00, 0.00, 0.00000146, 0.00000192
trial0000888, GVWY, 173.75, 6, 28.96, 0.00, 0.00000149, 0.00000023, ZIP, 992.25, 34, 29.18, 0.00, 0.00000160, 0.00000181
trial0000889, GVWY, 211, 6, 35.17, 1.00, 0.00000177, 0.00000032, ZIP, 948, 34, 27.88, 0.00, 0.00000148, 0.00000179
trial0000890, GVWY, 279.25, 6, 46.54, 1.00, 0.00000228, 0.00000022, ZIP, 842.75, 34, 24.79, 0.00, 0.00000154, 0.00000183
trial0000891, GVWY, 126.5, 6, 21.08, 1.00, 0.00000179, 0.00000024, ZIP, 971.5, 34, 28.57, 0.00, 0.00000143, 0.00000182
trial0000892, GVWY, 95, 6, 15.83, 1.00, 0.00000158, 0.00000024, ZIP, 716, 34, 21.06, 0.00, 0.00000151, 0.00000200
trial0000893, GVWY, 295, 6, 49.17, 1.00, 0.00000159, 0.00000029, ZIP, 1146, 34, 33.71, 0.00, 0.00000157, 0.00000185
trial0000894, GVWY, 119, 6, 19.83, 0.00, 0.00000182, 0.00000026, ZIP, 1155, 34, 33.97, 0.00, 0.00000168, 0.00000176
trial0000895, GVWY, 267.5, 6, 44.58, 1.00, 0.00000151, 0.00000023, ZIP, 1074.5, 34, 31.60, 0.00, 0.00000147, 0.00000179
trial0000896, GVWY, 195.5, 6, 32.58, 1.00, 0.00000162, 0.00000028, ZIP, 1152.5, 34, 33.90, 0.00, 0.00000168, 0.00000180
trial0000897, GVWY, 159.5, 6, 26.58, 1.00, 0.00000167, 0.00000026, ZIP, 1150.5, 34, 33.84, 1.00, 0.00000145, 0.00000180
trial0000898, GVWY, 113.5, 6, 18.92, 1.00, 0.00000160, 0.00000032, ZIP, 804.5, 34, 23.66, 0.00, 0.00000163, 0.00000216
trial0000899, GVWY, 87.5, 6, 14.58, 1.00, 0.00000167, 0.00000028, ZIP, 915.5, 34, 26.93, 0.00, 0.00000153, 0.00000199
trial0000900, GVWY, 306.25, 6, 51.04, 1.00, 0.00000183, 0.00000024, ZIP, 1164.75, 34, 34.26, 0.00, 0.00000164, 0.00000182
trial0000901, GVWY, 123.5, 6, 20.58, 1.00, 0.00000179, 0.00000024, ZIP, 1213.5, 34, 35.69, 0.00, 0.00000160, 0.00000173
trial0000902, GVWY, 146, 6, 24.33, 1.00, 0.00000171, 0.00000027, ZIP, 1124, 34, 33.06, 0.00, 0.00000141, 0.00000188
trial0000903, GVWY, 205.75, 6, 34.29, 1.00, 0.00000160, 0.00000022, ZIP, 1035.25, 34, 30.45, 0.00, 0.00000149, 0.00000191
trial0000904, GVWY, 116.5, 6, 19.42, 1.00, 0.00000155, 0.00000038, ZIP, 1066.5, 34, 31.37, 0.00, 0.00000146, 0.00000194
trial0000905, GVWY, 251.5, 6, 41.92, 1.00, 0.00000159, 0.00000026, ZIP, 1163.5, 34, 34.22, 0.00, 0.00000147, 0.00000268
trial0000906, GVWY, 88.75, 6, 14.79, 0.00, 0.00000278, 0.00000025, ZIP, 1197.25, 34, 35.21, 0.00, 0.00000243, 0.00000188
trial0000907, GVWY, 382.5, 6, 63.75, 1.00, 0.00000150, 0.00000025, ZIP, 1092.5, 34, 32.13, 0.00, 0.00000227, 0.00000178
trial0000908, GVWY, 41.5, 6, 6.92, 0.00, 0.00000169, 0.00000027, ZIP, 1095.5, 34, 32.22, 0.00, 0.00000158, 0.00000177
trial0000909, GVWY, 248, 6, 41.33, 1.00, 0.00000181, 0.00000024, ZIP, 1287, 34, 37.85, 0.00, 0.00000201, 0.00000189
trial0000910, GVWY, 202.75, 6, 33.79, 1.00, 0.00000268, 0.00000028, ZIP, 1030.25, 34, 30.30, 0.00, 0.00000155, 0.00000187
trial0000911, GVWY, 188, 6, 31.33, 1.00, 0.00000189, 0.00000024, ZIP, 1129, 34, 33.21, 0.00, 0.00000147, 0.00000174
trial0000912, GVWY, 217.5, 6, 36.25, 1.00, 0.00000169, 0.00000027, ZIP, 1635.5, 34, 48.10, 1.00, 0.00000149, 0.00000176
trial0000913, GVWY, 183, 6, 30.50, 1.00, 0.00000170, 0.00000024, ZIP, 919, 34, 27.03, 0.00, 0.00000154, 0.00000174
trial0000914, GVWY, 271, 6, 45.17, 1.00, 0.00000214, 0.00000025, ZIP, 976, 34, 28.71, 0.00, 0.00000155, 0.00000181
trial0000915, GVWY, 148.5, 6, 24.75, 0.00, 0.00000170, 0.00000029, ZIP, 941.5, 34, 27.69, 0.00, 0.00000147, 0.00000197
trial0000916, GVWY, 193.5, 6, 32.25, 1.00, 0.00000153, 0.00000022, ZIP, 1358.5, 34, 39.96, 0.00, 0.00000161, 0.00000176
trial0000917, GVWY, 112, 6, 18.67, 1.00, 0.00000171, 0.00000027, ZIP, 936, 34, 27.53, 0.00, 0.00000146, 0.00000184
trial0000918, GVWY, 325.5, 6, 54.25, 1.00, 0.00000155, 0.00000024, ZIP, 1204.5, 34, 35.43, 0.00, 0.00000167, 0.00000184
trial0000919, GVWY, 275.5, 6, 45.92, 1.00, 0.00000161, 0.00000021, ZIP, 732.5, 34, 21.54, 0.00, 0.00000170, 0.00000199
trial0000920, GVWY, 139.5, 6, 23.25, 1.00, 0.00000164, 0.00000024, ZIP, 1064.5, 34, 31.31, 0.00, 0.00000156, 0.00000186
trial0000921, GVWY, 190.5, 6, 31.75, 1.00, 0.00000160, 0.00000027, ZIP, 1206.5, 34, 35.49, 0.00, 0.00000213, 0.00000176
trial0000922, GVWY, 223.5, 6, 37.25, 1.00, 0.00000172, 0.00000039, ZIP, 1131.5, 34, 33.28, 0.00, 0.00000165, 0.00000176
trial0000923, GVWY, 216.5, 6, 36.08, 1.00, 0.00000218, 0.00000023, ZIP, 1029.5, 34, 30.28, 0.00, 0.00000155, 0.00000185
trial0000924, GVWY, 234.5, 6, 39.08, 1.00, 0.00000161, 0.00000026, ZIP, 1179.5, 34, 34.69, 0.00, 0.00000163, 0.00000186
trial0000925, GVWY, 79, 6, 13.17, 0.00, 0.00000180, 0.00000022, ZIP, 984, 34, 28.94, 0.00, 0.00000145, 0.00000181
trial0000926, GVWY, 283, 6, 47.17, 1.00, 0.00000163, 0.00000024, ZIP, 1131, 34, 33.26, 0.00, 0.00000162, 0.00000172
trial0000927, GVWY, 218, 6, 36.33, 1.00, 0.00000217, 0.00000029, ZIP, 1043, 34, 30.68, 0.00, 0.00000143, 0.00000190
trial0000928, GVWY, 139, 6, 23.17, 0.00, 0.00000168, 0.00000026, ZIP, 926, 34, 27.24, 0.00, 0.00000150, 0.00000182
trial0000929, GVWY, 98, 6, 16.33, 1.00, 0.00000170, 0.00000021, ZIP, 1113, 34, 32.74, 0.00, 0.00000142, 0.00000169
trial0000930, GVWY, 153, 6, 25.50, 1.00, 0.00000194, 0.00000024, ZIP, 1148, 34, 33.76, 0.00, 0.00000136, 0.00000168
trial0000931, GVWY, 154.5, 6, 25.75, 1.00, 0.00000165, 0.00000027, ZIP, 1127.5, 34, 33.16, 0.00, 0.00000168, 0.00000177
trial0000932, GVWY, 183.75, 6, 30.62, 1.00, 0.00000177, 0.00000026, ZIP, 1366.25, 34, 40.18, 1.00, 0.00000156, 0.00000171
trial0000933, GVWY, 180.5, 6, 30.08, 1.00, 0.00000177, 0.00000024, ZIP, 929.5, 34, 27.34, 0.00, 0.00000145, 0.00000179
trial0000934, GVWY, 117, 6, 19.50, 1.00, 0.00000175, 0.00000024, ZIP, 1402, 34, 41.24, 0.00, 0.00000175, 0.00000170
trial0000935, GVWY, 229.5, 6, 38.25, 0.00, 0.00000164, 0.00000024, ZIP, 1398.5, 34, 41.13, 1.00, 0.00000151, 0.00000176
trial0000936, GVWY, 184, 6, 30.67, 1.00, 0.00000262, 0.00000023, ZIP, 923, 34, 27.15, 0.00, 0.00000144, 0.00000187
trial0000937, GVWY, 123.5, 6, 20.58, 0.00, 0.00000135, 0.00000022, ZIP, 1177.5, 34, 34.63, 0.00, 0.00000198, 0.00000214
trial0000938, GVWY, 85, 6, 14.17, 1.00, 0.00000138, 0.00000025, ZIP, 1184, 34, 34.82, 0.00, 0.00000150, 0.00000187
trial0000939, GVWY, 182, 6, 30.33, 1.00, 0.00000158, 0.00000026, ZIP, 1006, 34, 29.59, 0.00, 0.00000154, 0.00000179
trial0000940, GVWY, 278, 6, 46.33, 1.00, 0.00000169, 0.00000022, ZIP, 1563, 34, 45.97, 1.00, 0.00000147, 0.00000166
trial0000941, GVWY, 181, 6, 30.17, 1.00, 0.00000160, 0.00000026, ZIP, 1051, 34, 30.91, 0.00, 0.00000151, 0.00000179
trial0000942, GVWY, 249.5, 6, 41.58, 1.00, 0.00000159, 0.00000026, ZIP, 1036.5, 34, 30.49, 0.00, 0.00000147, 0.00000187
trial0000943, GVWY, 44.5, 6, 7.42, 1.00, 0.00000176, 0.00000025, ZIP, 1084.5, 34, 31.90, 0.00, 0.00000155, 0.00000181
trial0000944, GVWY, 204.5, 6, 34.08, 1.00, 0.00000188, 0.00000027, ZIP, 1205.5, 34, 35.46, 0.00, 0.00000159, 0.00000175
trial0000945, GVWY, 107, 6, 17.83, 1.00, 0.00000167, 0.00000026, ZIP, 1573, 34, 46.26, 1.00, 0.00000166, 0.00000169
trial0000946, GVWY, 164.25, 6, 27.38, 0.00, 0.00000153, 0.00000029, ZIP, 875.75, 34, 25.76, 0.00, 0.00000191, 0.00000192
trial0000947, GVWY, 179, 6, 29.83, 0.00, 0.00000163, 0.00000023, ZIP, 963, 34, 28.32, 0.00, 0.00000167, 0.00000172
trial0000948, GVWY, 3.5, 6, 0.58, 0.00, 0.00000153, 0.00000026, ZIP, 1226.5, 34, 36.07, 0.00, 0.00000150, 0.00000175
trial0000949, GVWY, 96, 6, 16.00, 0.00, 0.00000165, 0.00000028, ZIP, 1109, 34, 32.62, 0.00, 0.00000177, 0.00000190
trial0000950, GVWY, 85.25, 6, 14.21, 1.00, 0.00000311, 0.00000024, ZIP, 1315.75, 34, 38.70, 0.00, 0.00000160, 0.00000171
trial0000951, GVWY, 153.25, 6, 25.54, 0.00, 0.00000171, 0.00000022, ZIP, 742.75, 34, 21.85, 0.00, 0.00000172, 0.00000176
trial0000952, GVWY, 256, 6, 42.67, 1.00, 0.00000218, 0.00000023, ZIP, 880, 34, 25.88, 0.00, 0.00000155, 0.00000185
trial0000953, GVWY, 117.5, 6, 19.58, 1.00, 0.00000152, 0.00000024, ZIP, 1094.5, 34, 32.19, 0.00, 0.00000158, 0.00000177
trial0000954, GVWY, 194.5, 6, 32.42, 1.00, 0.00000255, 0.00000023, ZIP, 1113.5, 34, 32.75, 0.00, 0.00000151, 0.00000187
trial0000955, GVWY, 108.5, 6, 18.08, 1.00, 0.00000168, 0.00000022, ZIP, 869.5, 34, 25.57, 0.00, 0.00000145, 0.00000172
trial0000956, GVWY, 278.5, 6, 46.42, 1.00, 0.00000155, 0.00000029, ZIP, 792.5, 34, 23.31, 0.00, 0.00000159, 0.00000194
trial0000957, GVWY, 279.5, 6, 46.58, 1.00, 0.00000142, 0.00000024, ZIP, 1108.5, 34, 32.60, 0.00, 0.00000153, 0.00000172
trial0000958, GVWY, 165.5, 6, 27.58, 1.00, 0.00000263, 0.00000023, ZIP, 963.5, 34, 28.34, 0.00, 0.00000152, 0.00000178
trial0000959, GVWY, 45.75, 6, 7.62, 0.00, 0.00000165, 0.00000027, ZIP, 1206.25, 34, 35.48, 0.00, 0.00000161, 0.00000195
trial0000960, GVWY, 195.25, 6, 32.54, 1.00, 0.00000167, 0.00000023, ZIP, 854.75, 34, 25.14, 0.00, 0.00000162, 0.00000182
trial0000961, GVWY, 324.5, 6, 54.08, 1.00, 0.00000140, 0.00000025, ZIP, 1132.5, 34, 33.31, 0.00, 0.00000150, 0.00000186
trial0000962, GVWY, 156.5, 6, 26.08, 0.00, 0.00000165, 0.00000023, ZIP, 1188.5, 34, 34.96, 0.00, 0.00000167, 0.00000172
trial0000963, GVWY, 281.5, 6, 46.92, 1.00, 0.00000164, 0.00000026, ZIP, 829.5, 34, 24.40, 0.00, 0.00000154, 0.00000180
trial0000964, GVWY, 180.5, 6, 30.08, 1.00, 0.00000196, 0.00000023, ZIP, 1248.5, 34, 36.72, 0.00, 0.00000156, 0.00000174
trial0000965, GVWY, 103.5, 6, 17.25, 0.00, 0.00000188, 0.00000023, ZIP, 914.5, 34, 26.90, 0.00, 0.00000155, 0.00000184
trial0000966, GVWY, 116, 6, 19.33, 0.00, 0.00000156, 0.00000026, ZIP, 1096, 34, 32.24, 0.00, 0.00000174, 0.00000181
trial0000967, GVWY, 143.5, 6, 23.92, 0.00, 0.00000166, 0.00000023, ZIP, 1015.5, 34, 29.87, 0.00, 0.00000158, 0.00000189
trial0000968, GVWY, 181.5, 6, 30.25, 0.00, 0.00000169, 0.00000025, ZIP, 1116.5, 34, 32.84, 0.00, 0.00000150, 0.00000183
trial0000969, GVWY, 172.5, 6, 28.75, 1.00, 0.00000269, 0.00000027, ZIP, 852.5, 34, 25.07, 0.00, 0.00000151, 0.00000183
trial0000970, GVWY, 230, 6, 38.33, 1.00, 0.00000160, 0.00000024, ZIP, 992, 34, 29.18, 0.00, 0.00000156, 0.00000174
trial0000971, GVWY, 129, 6, 21.50, 0.00, 0.00000161, 0.00000028, ZIP, 1070, 34, 31.47, 0.00, 0.00000165, 0.00000219
trial0000972, GVWY, 196.75, 6, 32.79, 1.00, 0.00000708, 0.00000024, ZIP, 1266.25, 34, 37.24, 0.00, 0.00000162, 0.00000176
trial0000973, GVWY, 312.5, 6, 52.08, 1.00, 0.00000197, 0.00000027, ZIP, 1178.5, 34, 34.66, 0.00, 0.00000157, 0.00000183
trial0000974, GVWY, 178.5, 6, 29.75, 1.00, 0.00000198, 0.00000023, ZIP, 1172.5, 34, 34.49, 0.00, 0.00000169, 0.00000181
trial0000975, GVWY, 198.75, 6, 33.12, 0.00, 0.00000184, 0.00000027, ZIP, 1165.25, 34, 34.27, 0.00, 0.00000154, 0.00000196
trial0000976, GVWY, 145, 6, 24.17, 1.00, 0.00000156, 0.00000023, ZIP, 1144, 34, 33.65, 0.00, 0.00000161, 0.00000172
trial0000977, GVWY, 219, 6, 36.50, 0.00, 0.00000158, 0.00000023, ZIP, 1181, 34, 34.74, 0.00, 0.00000241, 0.00000186
trial0000978, GVWY, 209.5, 6, 34.92, 1.00, 0.00000186, 0.00000025, ZIP, 922.5, 34, 27.13, 0.00, 0.00000143, 0.00000177
trial0000979, GVWY, 293.25, 6, 48.88, 1.00, 0.00000165, 0.00000026, ZIP, 815.75, 34, 23.99, 0.00, 0.00000137, 0.00000182
trial0000980, GVWY, 213, 6, 35.50, 0.00, 0.00000174, 0.00000022, ZIP, 1133, 34, 33.32, 0.00, 0.00000144, 0.00000182
trial0000981, GVWY, 126, 6, 21.00, 1.00, 0.00000164, 0.00000025, ZIP, 888, 34, 26.12, 0.00, 0.00000145, 0.00000187
trial0000982, GVWY, 389, 6, 64.83, 1.00, 0.00000176, 0.00000025, ZIP, 987, 34, 29.03, 0.00, 0.00000161, 0.00000175
trial0000983, GVWY, 202.5, 6, 33.75, 1.00, 0.00000147, 0.00000020, ZIP, 892.5, 34, 26.25, 0.00, 0.00000175, 0.00000168
trial0000984, GVWY, 259, 6, 43.17, 1.00, 0.00000151, 0.00000023, ZIP, 995, 34, 29.26, 0.00, 0.00000151, 0.00000171
trial0000985, GVWY, 307, 6, 51.17, 0.00, 0.00000213, 0.00000025, ZIP, 871, 34, 25.62, 0.00, 0.00000356, 0.00000185
trial0000986, GVWY, 214.25, 6, 35.71, 1.00, 0.00000162, 0.00000024, ZIP, 1207.75, 34, 35.52, 0.00, 0.00000150, 0.00000175
trial0000987, GVWY, 278.5, 6, 46.42, 1.00, 0.00000160, 0.00000025, ZIP, 1256.5, 34, 36.96, 0.00, 0.00000159, 0.00000176
trial0000988, GVWY, 207, 6, 34.50, 1.00, 0.00000169, 0.00000023, ZIP, 1223, 34, 35.97, 0.00, 0.00000160, 0.00000169
trial0000989, GVWY, 131.75, 6, 21.96, 1.00, 0.00000170, 0.00000023, ZIP, 1024.25, 34, 30.12, 0.00, 0.00000164, 0.00000187
trial0000990, GVWY, 234, 6, 39.00, 1.00, 0.00000170, 0.00000023, ZIP, 1191, 34, 35.03, 0.00, 0.00000150, 0.00000185
trial0000991, GVWY, 172, 6, 28.67, 1.00, 0.00000169, 0.00000027, ZIP, 785, 34, 23.09, 0.00, 0.00000143, 0.00000181
trial0000992, GVWY, 135.5, 6, 22.58, 1.00, 0.00000171, 0.00000022, ZIP, 1066.5, 34, 31.37, 0.00, 0.00000139, 0.00000168
trial0000993, GVWY, 130, 6, 21.67, 1.00, 0.00000147, 0.00000026, ZIP, 1050, 34, 30.88, 0.00, 0.00000153, 0.00000175
trial0000994, GVWY, 129, 6, 21.50, 0.00, 0.00000145, 0.00000025, ZIP, 1029, 34, 30.26, 0.00, 0.00000157, 0.00000195
trial0000995, GVWY, 204.5, 6, 34.08, 0.00, 0.00000165, 0.00000035, ZIP, 1219.5, 34, 35.87, 0.00, 0.00000161, 0.00000202
trial0000996, GVWY, 67, 6, 11.17, 1.00, 0.00000169, 0.00000026, ZIP, 1150, 34, 33.82, 0.00, 0.00000141, 0.00000176
trial0000997, GVWY, 197.5, 6, 32.92, 1.00, 0.00000180, 0.00000029, ZIP, 1085.5, 34, 31.93, 0.00, 0.00000149, 0.00000178
trial0000998, GVWY, 180, 6, 30.00, 1.00, 0.00000158, 0.00000022, ZIP, 862, 34, 25.35, 0.00, 0.00000147, 0.00000178
trial0000999, GVWY, 313.5, 6, 52.25, 1.00, 0.00000134, 0.00000027, ZIP, 1116.5, 34, 32.84, 0.00, 0.00000170, 0.00000174
trial0001000, GVWY, 192.5, 6, 32.08, 0.00, 0.00000174, 0.00000025, ZIP, 1057.5, 34, 31.10, 0.00, 0.00000146, 0.00000177
